0.24537,0.15453,0.12504,-1.1222,0.082405,0.056406,0.51738,-0.41212,0.088593,0.080724,1.2605,0.71989,0.077189,0.080506,0.86967,-0.24581,0.064686,0.090413,1.3655,0.77569,robustconvexhull.
0.11544,0.075998,-0.10996,-1.0704,0.059786,0.047423,0.007824,-0.95362,0.088955,0.071321,0.14341,-1.1586,0.038997,0.037366,-0.069191,-1.9458,0.012803,0.027932,1.6477,0.73025,superellipse.
0.16198,0.14952,1.2952,1.081,0.094521,0.068612,0.46141,-0.48594,0.063705,0.047128,0.12957,-0.80136,0.085854,0.069247,0.90828,0.60968,0.032192,0.039987,0.76064,-0.61668,robustconvexhull.
0.17722,0.12499,0.17269,-1.0604,0.080447,0.079797,1.148,1.3863,0.065078,0.069992,0.79528,-0.07184,0.066923,0.073701,0.72674,-0.46111,0.0411,0.058594,1.0814,0.068916,robustconvexhull.
0.30513,0.19866,0.30215,-1.1197,0.0592,0.047372,0.48195,-0.6366,0.079423,0.056966,0.44303,-0.45925,0.051357,0.049099,0.75553,-0.56693,0.044129,0.050123,0.95421,-0.15887,robustconvexhull.
0.067461,0.053437,0.92949,0.7404,0.076412,0.06477,0.45362,-0.84023,0.040776,0.026949,-0.42001,-0.50041,0.057761,0.073815,1.2183,0.48035,0.012625,0.024829,1.6581,1.6463,triangle.
0.1018,0.088954,0.66094,-0.36514,0.078927,0.070323,0.63929,-0.40572,0.05093,0.050192,0.37192,-1.2346,0.07913,0.064707,0.41653,-0.84248,0.027351,0.033058,0.3533,-1.9083,triangle.
0.11664,0.084059,-0.20599,-1.4093,0.065407,0.059947,0.22835,-0.84039,0.053871,0.066874,0.77303,-0.60162,0.084059,0.04829,-0.66603,0.099689,0.01761,0.039292,1.6865,0.86725,rectangle.
0.26249,0.17889,0.19122,-1.2253,0.055389,0.059668,0.94703,0.016281,0.096165,0.068981,0.78021,0.30842,0.074034,0.0592,0.80982,0.14261,0.040591,0.061013,1.5335,1.4359,robustconvexhull.
0.27563,0.18028,0.42657,-0.87161,0.055025,0.053461,0.32828,-1.0379,0.05617,0.057637,0.91099,0.78762,0.068882,0.053795,0.083263,-0.87837,0.027944,0.040978,0.83105,-1.1308,superellipse.
0.14927,0.10598,0.15481,-0.91397,0.05369,0.051449,0.45023,-0.59939,0.047466,0.042021,0.15037,-1.0157,0.041977,0.039862,0.11178,-1.4062,0.022741,0.032866,0.7158,-1.5128,robustconvexhull.
0.20317,0.13564,0.53216,-0.50136,0.051367,0.049023,1.0655,-0.13845,0.045718,0.034735,0.90962,0.96156,0.039606,0.04336,1.9353,3.9832,0.017044,0.020528,1.2887,1.2019,robustconvexhull.
0.13019,0.10654,1.1687,1.0199,0.093236,0.070475,0.9117,0.93019,0.035426,0.041629,0.60699,-0.78351,0.080655,0.057422,0.66805,0.78848,0.030187,0.048457,1.558,1.9704,robustconvexhull.
0.087052,0.06672,1.1863,2.2495,0.063732,0.07006,0.93501,0.30158,0.045353,0.049835,0.54405,-0.92338,0.07842,0.052721,0.18626,-0.28303,0.023827,0.039293,1.2417,0.33282,triangle.
0.15327,0.11033,0.36472,-0.91015,0.094078,0.074289,0.4202,-0.96451,0.05649,0.038557,0.61723,0.46726,0.092675,0.083437,0.49489,-0.91745,0.045244,0.048106,0.77987,-0.41418,robustconvexhull.
0.18218,0.13448,0.42281,-0.88914,0.084519,0.063276,0.4946,-0.3902,0.061964,0.068388,1.5607,2.405,0.10515,0.097346,0.8914,-0.12505,0.052162,0.071061,1.7002,2.5387,robustconvexhull.
0.12195,0.089088,0.63237,-0.14686,0.05126,0.049639,0.36679,-0.97674,0.051568,0.04832,0.35638,-0.79005,0.063157,0.058355,0.43161,-0.83485,0.032155,0.041945,0.71324,-0.95496,robustconvexhull.
0.07776,0.048233,-0.038037,-0.93382,0.042041,0.034035,0.43271,-0.1171,0.067259,0.04501,0.43286,-0.30351,0.027238,0.027371,0.31584,-1.1192,0.009079,0.01908,1.6464,0.93073,superellipse.
0.039062,0.036904,0.29234,-0.9834,0.057454,0.046579,0.40055,-0.58893,0.074081,0.045356,-0.20737,-0.74419,0.034618,0.033047,0.29326,-0.82854,0.011609,0.023788,1.5523,0.56446,circle.
0.071377,0.056833,0.296,-0.73971,0.039327,0.03958,0.40585,-0.96216,0.051586,0.047198,0.3705,-0.84149,0.040027,0.052899,1.4525,1.8744,0.018763,0.031414,1.2552,0.26994,robustconvexhull.
0.1319,0.074738,0.17244,-1.0183,0.06156,0.038947,0.41332,-0.30055,0.059607,0.048125,0.94519,0.34956,0.046169,0.042319,1.0075,0.094054,0.021018,0.029121,1.1616,0.10519,robustconvexhull.
0.081737,0.067818,0.29558,-0.61074,0.053846,0.053303,0.3271,-0.94415,0.081548,0.085743,1.1815,1.0656,0.029462,0.042823,0.71792,-1.5161,0.027498,0.042033,0.82284,-1.3509,rectangle.
0.30128,0.21832,1.1944,1.096,0.091505,0.094717,2.0733,4.5576,0.052921,0.036482,0.72281,0.18537,0.078248,0.06709,0.99394,0.54278,0.045488,0.046728,1.4193,2.1576,robustconvexhull.
0.08702,0.060533,0.38357,-0.32113,0.055426,0.045649,0.6224,-0.18252,0.06557,0.057734,1.3575,1.6649,0.036357,0.043818,1.5214,2.465,0.016785,0.020291,0.38465,-1.8173,robustconvexhull.
0.23951,0.15471,0.024326,-1.3336,0.049663,0.063666,0.81491,-0.40444,0.1059,0.065691,0.032402,-0.038194,0.033109,0.050609,0.82284,-1.3509,0.036453,0.062461,1.3994,0.81939,rectangle.
0.091496,0.067319,0.23814,-0.85546,0.062364,0.053289,0.62777,0.20096,0.069415,0.057041,0.48392,-0.13692,0.050281,0.054369,1.081,1.2481,0.02457,0.049674,2.163,4.4346,superellipse.
0.069353,0.058028,0.29937,-0.9263,0.064346,0.054442,0.37428,-0.85825,0.054772,0.043046,0.24724,-0.65999,0.057735,0.073708,1.968,3.6714,0.022021,0.032473,1.0548,0.045464,robustconvexhull.
0.071632,0.050678,0.22151,-0.38994,0.030459,0.035478,0.33327,-1.788,0.092591,0.06586,0.29321,-0.68382,0.03406,0.044343,0.90638,-0.33123,0.012489,0.026581,1.596,0.55742,rectangle.
0.05733,0.062356,0.82278,0.24976,0.051853,0.043176,-0.37781,-1.8963,0.059182,0.059187,0.41734,-0.89293,0.045212,0.04856,0.35877,-1.1743,0.024842,0.040929,1.0286,-0.83366,rectangle.
0.055414,0.049295,0.16315,-1.4177,0.041626,0.041863,0.45975,-0.84356,0.077065,0.051032,-0.10228,-0.88706,0.036461,0.032215,-0.20233,-1.8453,0.003332,0.014132,3.8595,13.1313,superellipse.
0.088411,0.059382,0.093861,-0.64179,0.032532,0.042025,0.70903,-0.82222,0.074301,0.057989,0.48697,-0.1539,0.04209,0.059519,1.4343,1.6982,0.004354,0.017946,3.7294,12.1388,rectangle.
0.070455,0.050553,0.42415,-0.70754,0.030066,0.028309,0.47598,-0.53831,0.066592,0.044616,0.81456,1.0943,0.045883,0.040323,1.2734,2.2621,0.014406,0.025129,1.501,1.015,robustconvexhull.
0.14887,0.11582,0.89997,0.42022,0.10944,0.083323,0.544,-0.48202,0.046975,0.041591,0.4832,-0.47823,0.092623,0.095124,0.90535,-0.1841,0.047062,0.077832,1.8998,3.0196,triangle.
0.32332,0.21209,0.4199,-0.68561,0.068119,0.048783,0.20634,-0.60987,0.085115,0.054483,-0.127,-0.95422,0.063352,0.060689,0.85231,0.29658,0.047833,0.050404,0.82712,0.074762,robustconvexhull.
0.092237,0.059428,0.36522,-0.39548,0.046114,0.042941,0.49741,-0.63155,0.065383,0.050191,0.6435,-0.15328,0.046376,0.040031,0.38748,-0.6638,0.022052,0.026173,0.39431,-1.6964,robustconvexhull.
0.13676,0.089424,0.85658,0.63655,0.052131,0.04582,0.99879,0.90352,0.040451,0.036121,0.66958,0.034561,0.051043,0.054544,0.95852,-0.03,0.012076,0.022493,1.6658,1.8954,robustconvexhull.
0.072748,0.057965,0.92633,0.02493,0.06413,0.049683,0.54379,-0.76847,0.043165,0.034505,0.86453,-0.1087,0.066539,0.05223,0.72023,-0.21315,0.018379,0.021926,1.287,1.0362,robustconvexhull.
0.089823,0.052264,0.063871,-0.88626,0.036856,0.033323,0.24196,-1.2512,0.053817,0.042892,0.55824,-0.069306,0.05202,0.034487,0.93888,0.7911,0.011495,0.021048,1.4565,0.88205,rectangle.
0.08681,0.071671,0.68678,-0.061935,0.066567,0.065603,0.50131,-0.83251,0.06414,0.055659,0.26251,-1.0599,0.06778,0.053323,0.050441,-1.1051,0.016542,0.031859,1.3421,-0.20169,robustconvexhull.
0.089287,0.056726,0.22238,-0.66676,0.050312,0.023406,-0.62855,1.9996,0.069239,0.046093,0.10062,-0.63465,0.023314,0.031013,0.74356,-0.9194,0.009759,0.021953,1.7981,1.4218,robustconvexhull.
0.079162,0.074029,1.4369,2.0504,0.070422,0.059929,0.69241,-0.072704,0.020907,0.032661,1.1598,0.091729,0.05817,0.063791,0.87484,-0.12306,0.019393,0.028065,0.75372,-1.3705,triangle.
0.12699,0.09043,0.61963,-0.22724,0.090601,0.079464,1.097,0.75206,0.031507,0.030734,0.59134,-0.56617,0.09431,0.076202,0.5668,-0.57921,0.037912,0.048531,1.3107,0.69484,triangle.
0.046686,0.046202,0.055334,-1.8159,0.040282,0.042441,0.080813,-2.0346,0.078636,0.047493,-0.29841,-0.30807,0.086543,0.027773,0.35614,5.6216,0.008757,0.025952,2.511,4.3981,rectangle.
0.19772,0.1194,0.36623,-0.65046,0.042695,0.039399,1.2455,1.444,0.052835,0.042783,0.9419,-0.023393,0.035607,0.029293,0.90102,0.74489,0.014187,0.019779,1.3887,1.6634,robustconvexhull.
0.10629,0.067627,0.20207,-0.43465,0.040326,0.043758,0.84916,0.079807,0.069593,0.052709,0.34168,-0.83825,0.037867,0.038617,0.7006,-0.1569,0.011351,0.023376,1.873,2.8166,robustconvexhull.
0.051541,0.060546,0.90291,-0.34919,0.069664,0.051736,0.20235,-0.83032,0.073366,0.048966,-0.076275,-0.89149,0.028911,0.034189,0.58811,-0.95948,0.013279,0.024433,1.2486,-0.44707,robustconvexhull.
0.093131,0.092598,0.94758,0.079412,0.080834,0.059972,0.23567,-0.7087,0.040542,0.04424,0.4723,-0.9549,0.039719,0.057503,1.4376,1.7092,0.016876,0.031492,1.2706,-0.39193,robustconvexhull.
0.085375,0.073464,0.44933,-0.80934,0.061701,0.047716,0.14738,-0.76379,0.081974,0.056186,0.34539,-0.29111,0.04913,0.042605,0.095988,-1.1037,0.010211,0.025746,2.1127,2.7519,robustconvexhull.
0.068385,0.058833,0.55491,-0.98818,0.041839,0.03755,0.6118,-0.56673,0.069423,0.040534,0.47072,0.40713,0.038752,0.03118,0.25695,-0.99355,0.012705,0.017215,0.74781,-0.97196,robustconvexhull.
0.12909,0.071971,0.13295,-0.92385,0.030473,0.033257,0.42096,-1.1755,0.071845,0.051855,0.7024,0.59687,0.033121,0.029845,-0.012934,-1.3764,0.015373,0.02551,1.0513,-0.80903,rectangle.
0.20267,0.15512,0.64132,-0.33318,0.085953,0.079765,0.72324,0.16274,0.060175,0.063105,0.44485,-0.98748,0.071669,0.074487,0.44389,-1.2131,0.02434,0.045754,1.3588,0.057907,robustconvexhull.
0.10892,0.090642,0.51481,-0.86603,0.059284,0.059652,0.54349,-0.84788,0.10082,0.079416,0.4852,-0.60079,0.042871,0.059287,1.316,0.87297,0.021502,0.037651,1.4797,1.075,robustconvexhull.
0.23392,0.11445,-0.098038,-0.79254,0.061871,0.051114,1.2192,1.1416,0.082038,0.057704,0.56477,-0.41737,0.059826,0.05306,0.74565,-0.47135,0.052542,0.065576,1.3481,0.8713,robustconvexhull.
0.074494,0.052133,0.43834,0.075254,0.033153,0.030498,0.22476,-0.96483,0.067441,0.056022,0.53419,-0.6398,0.028739,0.036588,0.84974,-0.55639,0.013478,0.022542,1.0401,-0.92946,rectangle.
0.12596,0.093724,0.54012,-0.45693,0.062956,0.060578,0.38119,-1.0951,0.083375,0.090574,1.3262,1.2872,0.060442,0.055417,0.34509,-0.83978,0.02602,0.042345,1.2122,0.25407,robustconvexhull.
0.016856,0.018785,0.22242,-1.9177,0.042055,0.029904,0.027481,-0.96067,0.076114,0.047602,0.11521,-0.70669,0.022147,0.018503,-0.34571,-1.8429,0.006105,0.013818,1.777,1.1708,circle.
0.18021,0.11951,0.37353,-0.8777,0.066134,0.051206,0.9719,0.71187,0.043489,0.042536,0.51095,-0.42422,0.077247,0.063543,1.0783,0.88725,0.022833,0.031017,0.65777,-1.429,robustconvexhull.
0.17924,0.10448,0.30015,-0.42884,0.049287,0.039399,0.3182,-0.61959,0.050056,0.045378,0.55473,-0.30336,0.048282,0.038284,0.55391,0.057672,0.020863,0.03023,1.1071,0.071743,robustconvexhull.
0.1317,0.064434,-0.45196,-0.54793,0.037601,0.047004,0.66397,-1.2718,0.085491,0.05933,0.44074,-0.19377,0.030966,0.038163,1.3118,2.231,0.021255,0.029696,0.84314,-0.70326,rectangle.
0.12067,0.10236,0.8941,-0.3093,0.078522,0.051484,0.78101,0.20573,0.060096,0.057543,0.92938,0.43086,0.068157,0.069865,1.1243,0.7551,0.045188,0.053173,1.3889,1.4212,robustconvexhull.
0.18522,0.1008,-0.13763,-0.90708,0.04822,0.048261,0.59532,-0.54436,0.05567,0.049344,0.6925,0.00532,0.041491,0.037966,0.28458,-0.89221,0.008012,0.02009,2.045,2.2134,robustconvexhull.
0.16995,0.12913,0.53444,-0.95931,0.11455,0.088355,0.49955,-0.68476,0.04659,0.036716,0.88911,0.90299,0.094757,0.076458,0.49238,-0.92519,0.043801,0.04484,1.6411,3.0386,robustconvexhull.
0.096417,0.055946,0.46229,-0.61284,0.040433,0.029219,0.51515,-0.72003,0.069799,0.046882,0.84027,0.48562,0.036948,0.0412,1.6616,2.4777,0.017853,0.027906,2.2908,4.9899,rectangle.
0.063304,0.061917,0.35119,-0.89079,0.085553,0.087745,0.86735,0.13066,0.074116,0.052593,-0.34392,-0.929,0.044061,0.058776,0.87674,-0.40063,0.015887,0.036454,1.7635,1.1379,robustconvexhull.
0.15916,0.10462,0.25062,-0.83952,0.061498,0.044203,0.34694,-0.5797,0.060179,0.04894,0.93925,0.7961,0.063183,0.049541,1.5005,2.8686,0.030308,0.033981,0.75473,-0.45045,robustconvexhull.
0.11842,0.093048,1.2268,1.0776,0.081442,0.058215,0.59743,-0.45456,0.031998,0.040429,1.128,0.12023,0.05073,0.059009,1.5688,1.5995,0.012698,0.020881,2.1618,4.9239,robustconvexhull.
0.3953,0.27538,0.32521,-1.2415,0.05066,0.048225,0.34241,-0.87311,0.039613,0.048928,0.80335,-0.47334,0.083022,0.047861,-0.092613,-0.46313,0.051754,0.059292,1.2375,1.5677,rectangle.
0.055516,0.053201,0.29021,-1.0691,0.052525,0.050106,0.29028,-1.0018,0.080888,0.055376,0.28964,-0.079022,0.073608,0.085619,1.2453,1.1318,0.013295,0.031441,1.9252,1.9666,rectangle.
0.091002,0.077978,0.49539,-0.76039,0.068753,0.055793,0.6662,0.70942,0.067377,0.046762,0.035803,-0.53751,0.049107,0.04843,0.39099,-0.91083,0.010161,0.026015,2.0796,2.3714,triangle.
0.10694,0.1097,1.1015,0.3656,0.094185,0.071052,0.44341,-0.67411,0.080872,0.060673,0.45337,-0.43924,0.079277,0.052625,0.20831,-0.33717,0.042422,0.050645,0.69828,-0.87175,rectangle.
0.10019,0.07986,0.64379,0.1316,0.055235,0.056678,0.31408,-1.2254,0.055794,0.052792,0.24457,-1.0215,0.037749,0.046491,0.44674,-1.6807,0.020049,0.037396,1.2575,-0.42695,robustconvexhull.
0.13849,0.090563,0.42912,-0.12489,0.064889,0.057251,0.19019,-1.1066,0.044981,0.053335,0.72684,-0.44977,0.059039,0.065558,0.51833,-1.1901,0.033563,0.044003,0.58859,-1.4997,robustconvexhull.
0.172,0.13412,1.1024,0.9332,0.068766,0.063901,0.90389,0.059167,0.061979,0.068813,1.3041,1.384,0.057672,0.077089,1.7665,2.5071,0.026543,0.03605,1.4236,1.2726,robustconvexhull.
0.067765,0.056656,0.061511,-1.003,0.07656,0.076586,0.60207,-0.61487,0.063047,0.044254,-0.63769,-1.4004,0.06629,0.049707,-0.1026,-0.66691,0.011073,0.031692,2.4854,4.6129,robustconvexhull.
0.22306,0.16051,0.34721,-1.1384,0.052973,0.059709,0.50505,-1.3966,0.036573,0.057833,1.6092,2.0604,0.053786,0.055225,0.42547,-1.2555,0.027705,0.043912,1.2378,0.27543,rectangle.
0.20437,0.14357,0.71435,-0.3334,0.058323,0.042862,0.1142,-0.92597,0.041599,0.039889,0.51977,-0.62792,0.045923,0.026548,-0.088159,0.38389,0.019648,0.029254,1.1701,0.32106,superellipse.
0.22869,0.15661,0.1198,-1.2107,0.056811,0.058507,0.45637,-0.75026,0.058329,0.060064,0.42696,-0.90723,0.086133,0.031069,-2.3727,3.7008,0.030081,0.046496,0.89132,-1.1193,rectangle.
0.10267,0.07346,0.37261,-0.6564,0.063466,0.059135,0.90205,0.27219,0.052182,0.038621,0.15337,-0.4342,0.034099,0.038159,0.84398,0.31769,0.00894,0.020678,1.8204,1.334,robustconvexhull.
0.080056,0.067704,0.7019,0.1491,0.063651,0.060373,1.8041,3.9955,0.058532,0.044741,0.92564,1.3689,0.071634,0.045965,0.75542,0.21047,0.038111,0.038235,0.68705,0.20579,rectangle.
0.074126,0.062278,0.76995,0.30103,0.08256,0.061185,0.36939,-0.50796,0.033417,0.040797,1.0973,0.97948,0.056196,0.079051,1.2522,0.42039,0.011879,0.024089,1.5272,0.47726,robustconvexhull.
0.056582,0.057848,0.43153,-1.0035,0.062862,0.062718,0.6376,-0.2959,0.075847,0.051919,-0.040083,-0.52668,0.066977,0.054192,0.11877,-0.90016,0.016488,0.035014,1.6345,0.87643,rectangle.
0.18311,0.10401,-0.32175,-1.1118,0.045143,0.030589,-0.093543,-0.21164,0.062143,0.061267,1.1098,0.91388,0.02339,0.039915,1.9068,3.6574,0.019022,0.02728,0.75488,-1.3269,rectangle.
0.13378,0.10753,1.251,1.0337,0.078042,0.055565,0.69289,-0.25671,0.033465,0.041052,1.2323,0.7452,0.067865,0.061601,0.87754,-0.39114,0.012118,0.021016,1.555,1.355,robustconvexhull.
0.11907,0.09485,0.59334,-0.67766,0.050789,0.047489,0.67441,-0.62897,0.056068,0.039834,0.59744,0.076239,0.055068,0.043047,0.56106,-0.25583,0.018366,0.034021,2.3743,5.8888,robustconvexhull.
0.06983,0.080967,1.4065,1.7115,0.066396,0.060175,0.39746,-0.72034,0.060777,0.047247,0.11259,-0.66568,0.063979,0.060887,0.47073,-0.79511,0.015661,0.03231,1.5627,0.6262,rectangle.
0.12113,0.057363,-0.44954,-0.17671,0.03785,0.038559,0.97233,0.93514,0.068292,0.077138,1.8059,2.8866,0.02791,0.039512,0.93199,-0.75869,0.018529,0.034443,1.9226,3.3233,rectangle.
0.16566,0.097222,0.20301,-0.95809,0.076903,0.061824,1.3023,2.0639,0.050478,0.046407,1.0312,0.81308,0.069177,0.059858,1.0721,1.0215,0.037249,0.041652,1.1037,0.4949,robustconvexhull.
0.10259,0.080988,0.7252,0.17856,0.084435,0.075006,0.86051,0.42259,0.036762,0.037307,0.041263,-1.953,0.070937,0.070664,1.1823,1.4415,0.028241,0.03719,0.5802,-1.548,triangle.
0.30281,0.19775,0.41751,-0.91844,0.043162,0.029839,0.79785,-0.51228,0.039638,0.036959,1.3467,2.1269,0.030456,0.025388,1.1759,1.7422,0.012802,0.018767,1.5157,1.9873,rectangle.
0.13391,0.099662,0.5498,-0.62592,0.0674,0.060942,0.71665,-0.45684,0.041631,0.034077,0.53196,-0.30186,0.067892,0.058632,1.0797,0.62862,0.026625,0.03979,1.8777,3.3571,robustconvexhull.
0.11729,0.10864,0.91437,-0.28706,0.1023,0.067548,0.16183,-0.91053,0.059572,0.047056,0.6631,-0.48831,0.097413,0.10933,1.2345,0.32305,0.044536,0.059199,1.3703,1.0707,robustconvexhull.
0.089533,0.057002,0.12765,-0.82454,0.045448,0.041908,0.66266,-0.39697,0.09191,0.052575,-0.085739,-0.47912,0.034892,0.029279,0.44071,-0.1006,0.024628,0.027903,0.63508,-0.78994,robustconvexhull.
0.21649,0.1507,0.36435,-1.1073,0.099771,0.073306,0.50478,-0.36563,0.089196,0.066983,0.86138,-0.065245,0.12298,0.10503,0.607,-1.0948,0.088261,0.096435,0.8556,-0.46518,robustconvexhull.
0.15245,0.10327,0.69903,-0.36124,0.11159,0.085491,0.84557,0.065215,0.054844,0.055901,0.8091,-0.026529,0.10856,0.090977,0.77462,-0.16057,0.048892,0.07047,1.6934,2.1193,robustconvexhull.
0.52662,0.4166,0.71922,-0.58209,0.088747,0.10525,1.7766,3.1984,0.061646,0.031398,-0.93244,0.83955,0.060814,0.04623,0.091012,-0.70884,0.028693,0.042924,1.1637,0.27587,robustconvexhull.
0.12787,0.065301,0.026972,-0.53677,0.037431,0.030064,1.1565,1.6078,0.087745,0.076274,0.86311,-0.23324,0.030111,0.035708,1.6308,2.6594,0.021743,0.036335,2.8321,8.4169,rectangle.
0.11379,0.081666,0.58564,-0.35347,0.089571,0.061539,0.53786,-0.39934,0.053849,0.045066,0.97176,0.33305,0.091594,0.077972,0.76653,-0.50497,0.03763,0.059029,1.5896,1.3316,robustconvexhull.
0.046557,0.046186,0.21097,-1.3137,0.060339,0.056146,0.29547,-1.0685,0.078357,0.066226,0.55358,-0.33132,0.027758,0.041681,0.86842,-1.0723,0.017798,0.034916,1.4347,0.22759,robustconvexhull.
0.086426,0.059482,-0.016146,-0.66553,0.089845,0.058996,-0.10346,-0.77273,0.046762,0.056267,0.64344,-0.87982,0.065703,0.059963,0.23674,-1.0891,0.018941,0.038678,1.5323,0.53975,robustconvexhull.
0.19459,0.11739,0.37747,-0.33957,0.040626,0.039853,1.2078,1.5704,0.071387,0.051933,1.0336,0.93914,0.030851,0.038087,1.2913,1.2023,0.018161,0.024259,0.80249,-0.63747,rectangle.
0.25488,0.16442,0.34618,-0.91043,0.046562,0.04212,0.76393,-0.023982,0.046598,0.038771,0.85354,0.90764,0.029717,0.032021,0.83636,0.027886,0.010239,0.017653,1.2802,0.21319,robustconvexhull.
