pixel
list: 0
109 49
109 48
109 47
109 46
109 45
108 45
108 44
108 43
108 42
108 41
108 40
107 40
107 39
107 38
107 37
107 36
107 35
106 35
106 34
106 33
106 32
106 31
105 31
105 30
105 29
105 28
105 27
105 26
104 26
104 25
104 24
104 23
104 22
104 21
103 21
103 21
103 20
103 19
103 18
103 17
103 16
102 16
102 15
102 14
102 13
102 12
102 11
101 11
101 10
101 9
101 8
101 7
101 6
100 6
100 5
100 4
100 3
100 2
100 1
99 1
99 1
100 1
101 1
102 1
103 1
104 1
105 1
106 1
107 1
108 1
109 1
110 1
111 1
112 1
113 1
114 1
115 1
116 1
117 1
118 1
119 1
120 1
121 1
122 1
123 1
124 1
125 1
126 1
127 1
128 1
129 1
130 1
131 1
132 1
133 1
134 1
135 1
136 1
137 1
138 1
139 1
140 1
141 1
142 1
143 1
144 1
145 1
146 1
147 1
148 1
149 1
150 1
151 1
152 1
153 1
154 1
155 1
156 1
157 1
158 1
159 1
160 1
161 1
162 1
163 1
164 1
165 1
166 1
167 1
168 1
169 1
170 1
171 1
172 1
173 1
174 1
175 1
176 1
177 1
178 1
179 1
180 1
181 1
182 1
183 1
184 1
185 1
186 1
187 1
188 1
189 1
190 1
191 1
192 1
193 1
194 1
195 1
196 1
197 1
198 1
199 1
200 1
201 1
202 1
203 1
204 1
205 1
206 1
207 1
208 1
209 1
210 1
211 1
212 1
213 1
214 1
215 1
216 1
217 1
218 1
219 1
220 1
221 1
222 1
222 1
223 1
223 1
223 2
223 3
223 4
223 5
223 6
223 7
223 8
223 9
223 9
223 9
222 9
221 9
221 10
220 10
219 10
218 10
218 11
217 11
216 11
215 11
215 12
214 12
213 12
212 12
212 13
211 13
210 13
209 13
209 14
208 14
207 14
206 14
206 15
205 15
204 15
204 16
203 16
202 16
201 16
201 17
200 17
199 17
198 17
198 18
197 18
196 18
195 18
195 19
194 19
193 19
192 19
192 20
191 20
190 20
189 20
189 21
188 21
187 21
186 21
186 22
185 22
184 22
184 23
183 23
182 23
181 23
181 24
180 24
179 24
178 24
178 25
177 25
176 25
175 25
175 26
174 26
173 26
172 26
172 27
171 27
170 27
169 27
169 28
168 28
167 28
167 29
166 29
165 29
164 29
164 30
163 30
162 30
161 30
161 31
160 31
159 31
158 31
158 32
157 32
156 32
155 32
155 33
154 33
153 33
152 33
152 34
151 34
150 34
149 34
149 35
148 35
147 35
147 36
146 36
145 36
144 36
144 37
143 37
142 37
141 37
141 38
140 38
139 38
138 38
138 39
137 39
136 39
135 39
135 40
134 40
133 40
132 40
132 41
131 41
130 41
129 41
129 42
128 42
127 42
127 43
126 43
125 43
124 43
124 44
123 44
122 44
121 44
121 45
120 45
119 45
118 45
118 46
117 46
116 46
115 46
115 47
114 47
113 47
112 47
112 48
111 48
110 48
110 49
109 49
-1 -1
