pixel
list: 0
77 86
77 85
77 84
78 84
78 83
78 82
79 82
79 81
79 80
80 80
80 79
80 78
81 78
81 77
81 76
82 76
82 75
82 74
83 74
83 73
83 72
84 72
84 71
84 70
85 70
85 69
85 68
86 68
86 67
86 66
87 66
87 65
87 64
88 64
88 63
88 62
89 62
89 61
89 60
90 60
90 59
90 58
91 58
91 57
91 56
92 56
92 55
92 54
93 54
93 53
93 52
94 52
94 51
94 50
95 50
95 49
95 48
96 48
96 47
96 46
97 46
97 45
97 44
98 44
98 43
98 42
99 42
99 41
99 40
100 40
100 39
100 38
101 38
101 37
101 36
102 36
102 35
102 34
103 34
103 33
103 32
104 32
104 31
104 30
105 30
105 29
105 28
106 28
106 27
106 26
107 26
107 25
107 24
108 24
108 23
108 22
109 22
109 21
109 20
110 20
110 19
110 18
111 18
111 17
111 16
112 16
112 15
112 14
113 14
113 13
113 12
114 12
114 11
114 10
115 10
115 9
115 8
116 8
116 7
116 6
117 6
117 5
117 4
118 4
118 3
118 2
119 2
119 1
119 0
120 0
120 -1
120 -2
121 -2
121 -3
121 -4
122 -4
122 -5
122 -6
123 -6
123 -7
123 -8
124 -8
124 -9
124 -10
124 -11
125 -11
125 -11
126 -11
127 -11
128 -11
129 -11
130 -11
131 -11
131 -10
132 -10
133 -10
134 -10
135 -10
136 -10
137 -10
137 -9
138 -9
139 -9
140 -9
141 -9
142 -9
143 -9
143 -8
144 -8
145 -8
146 -8
147 -8
148 -8
149 -8
149 -7
150 -7
151 -7
152 -7
153 -7
154 -7
155 -7
155 -6
156 -6
157 -6
158 -6
159 -6
160 -6
161 -6
161 -5
162 -5
163 -5
164 -5
165 -5
166 -5
167 -5
167 -4
168 -4
169 -4
170 -4
171 -4
172 -4
173 -4
173 -3
174 -3
175 -3
176 -3
177 -3
178 -3
179 -3
180 -3
180 -2
181 -2
182 -2
183 -2
184 -2
185 -2
186 -2
186 -1
187 -1
188 -1
189 -1
190 -1
191 -1
192 -1
192 0
193 0
194 0
195 0
196 0
197 0
198 0
198 1
199 1
200 1
201 1
202 1
203 1
204 1
204 2
205 2
206 2
207 2
208 2
209 2
210 2
210 3
211 3
212 3
213 3
214 3
215 3
216 3
216 4
217 4
218 4
219 4
220 4
221 4
222 4
222 5
223 5
224 5
225 5
226 5
227 5
228 5
228 6
229 6
229 6
228 6
228 7
227 7
226 7
226 8
225 8
224 8
224 9
223 9
222 9
222 10
221 10
220 10
220 11
219 11
218 11
218 12
217 12
216 12
216 13
215 13
214 13
214 14
213 14
212 14
212 15
211 15
211 16
210 16
209 16
209 17
208 17
207 17
207 18
206 18
205 18
205 19
204 19
203 19
203 20
202 20
201 20
201 21
200 21
199 21
199 22
198 22
197 22
197 23
196 23
195 23
195 24
194 24
193 24
193 25
192 25
192 26
191 26
190 26
190 27
189 27
188 27
188 28
187 28
186 28
186 29
185 29
184 29
184 30
183 30
182 30
182 31
181 31
180 31
180 32
179 32
178 32
178 33
177 33
176 33
176 34
175 34
174 34
174 35
173 35
173 36
172 36
171 36
171 37
170 37
169 37
169 38
168 38
167 38
167 39
166 39
165 39
165 40
164 40
163 40
163 41
162 41
161 41
161 42
160 42
159 42
159 43
158 43
157 43
157 44
156 44
155 44
155 45
154 45
154 46
153 46
152 46
152 47
151 47
150 47
150 48
149 48
148 48
148 49
147 49
146 49
146 50
145 50
144 50
144 51
143 51
142 51
142 52
141 52
140 52
140 53
139 53
138 53
138 54
137 54
136 54
136 55
135 55
135 56
134 56
133 56
133 57
132 57
131 57
131 58
130 58
129 58
129 59
128 59
127 59
127 60
126 60
125 60
125 61
124 61
123 61
123 62
122 62
121 62
121 63
120 63
119 63
119 64
118 64
117 64
117 65
116 65
116 66
115 66
114 66
114 67
113 67
112 67
112 68
111 68
110 68
110 69
109 69
108 69
108 70
107 70
106 70
106 71
105 71
104 71
104 72
103 72
102 72
102 73
101 73
100 73
100 74
99 74
98 74
98 75
97 75
97 76
96 76
95 76
95 77
94 77
93 77
93 78
92 78
91 78
91 79
90 79
89 79
89 80
88 80
87 80
87 81
86 81
85 81
85 82
84 82
83 82
83 83
82 83
81 83
81 84
80 84
79 84
79 85
78 85
78 86
77 86
-1 -1
