pixel
list: 0
216 3
215 3
215 4
214 4
213 4
213 5
212 5
211 5
211 6
210 6
209 6
209 7
208 7
207 7
207 8
206 8
205 8
205 9
204 9
204 10
203 10
202 10
202 11
201 11
200 11
200 12
199 12
198 12
198 13
197 13
196 13
196 14
195 14
194 14
194 15
193 15
193 16
192 16
191 16
191 17
190 17
189 17
189 18
188 18
187 18
187 19
186 19
185 19
185 20
184 20
183 20
183 21
182 21
181 21
181 22
180 22
180 23
179 23
178 23
178 24
177 24
176 24
176 25
175 25
174 25
174 26
173 26
172 26
172 27
171 27
170 27
170 28
169 28
169 29
168 29
167 29
167 30
166 30
165 30
165 31
164 31
163 31
163 32
162 32
161 32
161 33
160 33
159 33
159 34
158 34
157 34
157 35
156 35
156 36
155 36
154 36
154 37
153 37
152 37
152 38
151 38
150 38
150 39
149 39
148 39
148 40
147 40
146 40
146 41
145 41
145 42
144 42
143 42
143 43
142 43
141 43
141 44
140 44
139 44
139 45
138 45
137 45
137 46
136 46
135 46
135 47
134 47
133 47
133 48
132 48
132 49
131 49
130 49
130 50
129 50
128 50
128 51
127 51
126 51
126 52
125 52
124 52
124 53
123 53
122 53
122 54
121 54
121 55
120 55
119 55
119 56
118 56
117 56
117 57
116 57
115 57
115 58
114 58
113 58
113 59
112 59
111 59
111 60
110 60
109 60
109 61
108 61
108 62
107 62
106 62
106 63
105 63
104 63
104 64
103 64
102 64
102 65
101 65
100 65
100 66
99 66
98 66
98 67
97 67
97 68
96 68
95 68
95 69
94 69
93 69
93 70
92 70
91 70
91 71
90 71
89 71
89 72
88 72
87 72
87 73
86 73
86 74
85 74
85 74
85 73
84 73
84 72
84 71
83 71
83 70
83 69
82 69
82 68
81 68
81 67
81 66
80 66
80 65
80 64
79 64
79 63
79 62
78 62
78 61
77 61
77 60
77 59
76 59
76 58
76 57
75 57
75 56
74 56
74 55
74 54
73 54
73 53
73 52
72 52
72 51
72 50
71 50
71 50
72 50
72 49
73 49
74 49
74 48
75 48
76 48
76 47
77 47
78 47
78 46
79 46
80 46
80 45
81 45
82 45
82 44
83 44
83 43
84 43
85 43
85 42
86 42
87 42
87 41
88 41
89 41
89 40
90 40
91 40
91 39
92 39
93 39
93 38
94 38
94 37
95 37
96 37
96 36
97 36
98 36
98 35
99 35
100 35
100 34
101 34
102 34
102 33
103 33
104 33
104 32
105 32
106 32
106 31
107 31
107 30
108 30
109 30
109 29
110 29
111 29
111 28
112 28
113 28
113 27
114 27
115 27
115 26
116 26
117 26
117 25
118 25
118 24
119 24
120 24
120 23
121 23
122 23
122 22
123 22
124 22
124 21
125 21
126 21
126 20
127 20
128 20
128 19
129 19
130 19
130 18
131 18
131 17
132 17
133 17
133 16
134 16
135 16
135 15
136 15
137 15
137 14
138 14
139 14
139 13
140 13
141 13
141 12
142 12
142 11
143 11
144 11
144 10
145 10
146 10
146 9
147 9
148 9
148 8
149 8
150 8
150 7
151 7
152 7
152 6
153 6
154 6
154 5
155 5
155 4
156 4
157 4
157 3
158 3
159 3
159 2
160 2
161 2
161 1
162 1
163 1
163 0
164 0
165 0
165 -1
166 -1
166 -2
167 -2
168 -2
168 -3
169 -3
170 -3
170 -4
171 -4
172 -4
172 -5
173 -5
174 -5
174 -6
175 -6
176 -6
176 -7
177 -7
178 -7
178 -8
179 -8
179 -9
180 -9
181 -9
181 -10
182 -10
183 -10
183 -11
184 -11
185 -11
185 -12
186 -12
187 -12
187 -13
188 -13
189 -13
189 -14
190 -14
190 -15
191 -15
192 -15
192 -16
193 -16
194 -16
194 -17
195 -17
196 -17
196 -18
197 -18
198 -18
198 -19
199 -19
200 -19
200 -20
201 -20
201 -21
202 -21
202 -21
202 -20
203 -20
203 -19
203 -18
204 -18
204 -17
204 -16
205 -16
205 -15
206 -15
206 -14
206 -13
207 -13
207 -12
207 -11
208 -11
208 -10
208 -9
209 -9
209 -8
210 -8
210 -7
210 -6
211 -6
211 -5
211 -4
212 -4
212 -3
213 -3
213 -2
213 -1
214 -1
214 0
214 1
215 1
215 2
215 3
216 3
-1 -1
