pixel
list: 95
87 95
87 95
87 95
87 94
87 93
88 93
88 92
88 91
89 91
89 90
89 89
90 89
90 88
90 87
91 87
91 87
91 86
91 85
92 85
92 84
92 83
93 83
93 82
93 81
94 81
94 80
94 79
94 78
95 78
95 78
95 77
95 76
96 76
96 75
96 74
97 74
97 73
97 72
98 72
98 71
98 70
98 69
99 69
99 69
99 68
99 67
99 66
100 66
100 65
100 64
100 63
101 63
101 62
101 61
101 60
102 60
102 60
102 59
102 58
103 58
103 57
103 56
104 56
104 55
104 54
105 54
105 53
105 52
105 51
106 51
106 51
106 50
106 49
107 49
107 48
107 47
108 47
108 46
108 45
109 45
109 44
109 43
110 43
110 43
110 42
110 41
111 41
111 40
111 39
111 38
112 38
112 37
112 36
112 35
113 35
113 35
113 34
113 33
114 33
114 32
114 31
114 30
115 30
115 29
115 28
115 27
116 27
116 27
116 26
116 25
117 25
117 24
117 23
118 23
118 22
118 21
118 20
119 20
119 20
119 19
119 18
119 17
120 17
120 16
120 15
120 14
121 14
121 14
121 13
121 12
122 12
122 11
122 10
122 9
123 9
123 9
123 8
123 7
123 6
123 5
124 5
124 5
124 4
124 3
124 2
124 1
125 1
125 1
125 0
126 0
126 0
126 -1
127 -1
127 -1
127 -1
127 -1
127 -1
127 -1
128 -1
128 -1
129 -1
129 0
130 0
130 0
131 0
132 0
132 0
133 0
133 0
134 0
135 0
136 0
136 1
137 1
137 1
138 1
139 1
140 1
141 1
141 2
142 2
142 2
143 2
144 2
145 2
146 2
147 2
148 2
148 3
149 3
149 3
150 3
151 3
152 3
152 4
153 4
154 4
155 4
155 5
156 5
156 5
157 5
158 5
159 5
160 5
161 5
162 5
162 6
163 6
163 6
164 6
165 6
166 6
167 6
167 7
168 7
169 7
170 7
171 7
171 8
172 8
172 8
173 8
174 8
175 8
176 8
176 9
177 9
178 9
179 9
180 9
180 10
181 10
181 10
182 10
183 10
184 10
185 10
185 11
186 11
187 11
188 11
189 11
189 12
190 12
190 12
191 12
192 12
193 12
194 12
194 13
195 13
196 13
197 13
198 13
199 13
199 14
200 14
200 14
201 14
202 14
203 14
204 14
205 14
206 14
207 14
208 14
208 15
209 15
209 15
210 15
211 15
212 15
213 15
213 16
214 16
215 16
216 16
217 16
218 16
218 17
219 17
219 17
220 17
221 17
222 17
223 17
224 17
225 17
226 17
227 17
227 18
228 18
228 18
229 18
230 18
231 18
231 19
232 19
233 19
234 19
235 19
235 20
236 20
236 20
237 20
238 20
239 20
240 20
241 20
242 20
243 20
244 20
244 21
245 21
245 21
246 21
247 21
248 21
249 21
250 21
251 21
251 22
252 22
252 22
253 22
254 22
255 22
256 22
257 22
258 22
258 23
259 23
259 23
260 23
261 23
262 23
263 23
263 24
264 24
264 24
265 24
266 24
267 24
268 24
268 25
269 25
269 25
270 25
271 25
271 25
272 25
272 25
273 25
274 25
274 25
275 25
275 25
275 25
276 25
276 25
276 25
276 25
276 25
276 26
276 26
276 26
276 27
276 28
275 28
275 28
275 29
274 29
274 30
274 31
273 31
273 31
273 32
273 33
272 33
272 34
272 35
271 35
271 35
271 36
271 37
270 37
270 38
270 39
270 40
269 40
269 40
269 41
269 42
268 42
268 43
268 44
267 44
267 45
267 46
266 46
266 46
266 47
266 48
265 48
265 49
265 50
264 50
264 51
264 52
264 53
263 53
263 53
263 54
262 54
262 55
262 56
261 56
261 57
261 58
260 58
260 59
260 60
259 60
259 60
259 61
259 62
258 62
258 63
258 64
258 65
257 65
257 66
257 67
257 68
256 68
256 68
256 69
256 70
255 70
255 71
255 72
254 72
254 73
254 74
253 74
253 75
253 76
252 76
252 76
252 77
252 78
251 78
251 79
251 80
250 80
250 81
250 82
249 82
249 83
249 84
249 85
248 85
248 85
248 86
248 87
247 87
247 88
247 89
246 89
246 90
246 91
245 91
245 92
245 93
245 94
244 94
244 94
244 95
244 96
244 97
243 97
243 98
243 99
243 100
242 100
242 101
242 102
242 103
241 103
241 103
241 104
241 105
240 105
240 106
240 107
239 107
239 108
239 109
238 109
238 110
238 111
238 112
237 112
237 112
237 113
237 114
236 114
236 115
236 116
235 116
235 117
235 118
234 118
234 119
234 120
233 120
233 120
233 121
233 122
232 122
232 123
232 124
232 125
231 125
231 126
231 127
231 128
230 128
230 128
230 129
230 130
229 130
229 131
229 132
229 133
228 133
228 134
228 135
228 136
227 136
227 136
227 137
227 138
226 138
226 139
226 140
225 140
225 141
225 142
225 143
224 143
224 143
224 144
224 145
224 146
223 146
223 147
223 148
223 149
222 149
222 149
222 150
222 151
221 151
221 152
221 153
221 154
220 154
220 154
220 155
220 156
220 157
220 158
219 158
219 158
219 159
219 160
219 161
219 162
218 162
218 162
218 163
218 164
217 164
217 164
217 165
216 165
216 165
216 165
216 165
216 165
216 165
215 165
215 165
214 165
214 164
213 164
213 164
212 164
211 164
211 164
210 164
210 164
209 164
209 163
208 163
207 163
207 162
206 162
206 162
205 162
204 162
203 162
202 162
202 161
201 161
201 161
200 161
199 161
198 161
197 161
196 161
195 161
195 160
194 160
194 160
193 160
192 160
191 160
191 159
190 159
189 159
188 159
188 158
187 158
187 158
186 158
185 158
184 158
183 158
182 158
181 158
181 157
180 157
180 157
179 157
178 157
177 157
176 157
176 156
175 156
174 156
173 156
172 156
172 155
171 155
171 155
170 155
169 155
168 155
167 155
167 154
166 154
165 154
164 154
163 154
163 153
162 153
162 153
161 153
160 153
159 153
158 153
158 152
157 152
156 152
155 152
154 152
154 151
153 151
153 151
152 151
151 151
150 151
149 151
149 150
148 150
147 150
146 150
145 150
144 150
144 149
143 149
143 149
142 149
141 149
140 149
139 149
138 149
137 149
136 149
135 149
135 148
134 148
134 148
133 148
132 148
131 148
130 148
130 147
129 147
128 147
127 147
126 147
125 147
125 146
124 146
124 146
123 146
122 146
121 146
120 146
119 146
118 146
117 146
116 146
116 145
115 145
115 145
114 145
113 145
112 145
112 144
111 144
110 144
109 144
108 144
108 143
107 143
107 143
106 143
105 143
104 143
103 143
102 143
101 143
100 143
99 143
99 142
98 142
98 142
97 142
96 142
95 142
94 142
93 142
92 142
92 141
91 141
91 141
90 141
89 141
88 141
87 141
86 141
85 141
85 140
84 140
84 140
83 140
82 140
81 140
80 140
80 139
79 139
79 139
78 139
77 139
76 139
75 139
75 138
74 138
74 138
73 138
72 138
72 138
71 138
71 138
70 138
69 138
69 138
68 138
68 138
68 138
67 138
67 138
67 138
67 138
67 138
67 137
67 137
67 137
67 136
67 135
68 135
68 135
68 134
69 134
69 133
69 132
70 132
70 132
70 131
70 130
71 130
71 129
71 128
72 128
72 128
72 127
72 126
73 126
73 125
73 124
73 123
74 123
74 123
74 122
74 121
75 121
75 120
75 119
76 119
76 118
76 117
77 117
77 117
77 116
77 115
78 115
78 114
78 113
79 113
79 112
79 111
79 110
80 110
80 110
80 109
81 109
81 108
81 107
82 107
82 106
82 105
83 105
83 104
83 103
84 103
-1 -1
list: -1
-1 -1
