pixel
list: 0
105 114
106 114
107 114
108 114
108 113
109 113
110 113
111 113
112 113
112 112
113 112
114 112
115 112
116 112
116 111
117 111
118 111
119 111
120 111
120 110
121 110
122 110
123 110
124 110
124 109
125 109
125 109
126 109
127 109
128 109
129 109
129 108
130 108
131 108
132 108
133 108
134 108
134 107
135 107
136 107
137 107
138 107
139 107
139 106
140 106
141 106
142 106
143 106
144 106
144 105
145 105
145 105
146 105
147 105
148 105
149 105
150 105
151 105
152 105
153 105
154 105
155 105
155 104
156 104
157 104
158 104
159 104
160 104
161 104
162 104
163 104
164 104
165 104
166 104
166 103
167 103
168 103
169 103
170 103
171 103
172 103
173 103
174 103
175 103
176 103
177 103
177 102
178 102
179 102
180 102
181 102
182 102
183 102
184 102
185 102
186 102
187 102
188 102
188 101
189 101
189 101
190 101
191 101
192 101
193 101
194 101
195 101
196 101
197 101
198 101
199 101
200 101
201 101
202 101
203 101
204 101
205 101
206 101
207 101
208 101
209 101
210 101
211 101
211 100
212 100
212 100
213 100
214 100
215 100
216 100
217 100
218 100
219 100
220 100
221 100
222 100
223 100
224 100
225 100
226 100
227 100
228 100
229 100
230 100
231 100
232 100
233 100
234 100
235 100
236 100
237 100
238 100
239 100
239 101
240 101
240 101
240 102
240 103
240 104
240 105
240 106
240 107
240 108
240 109
240 110
240 111
240 112
240 113
240 114
240 115
240 116
239 116
239 116
239 117
239 118
239 119
239 120
239 121
239 122
239 123
239 124
239 125
239 126
239 127
238 127
238 128
238 129
238 130
238 131
238 132
238 133
238 134
238 135
238 136
238 137
238 138
237 138
237 139
237 140
237 141
237 142
237 143
237 144
237 145
237 146
237 147
237 148
237 149
236 149
236 150
236 151
236 152
236 153
236 154
236 155
236 156
236 157
236 158
236 159
236 160
235 160
235 161
235 162
235 163
235 164
235 165
235 166
235 167
235 168
235 169
235 170
235 171
235 172
234 172
234 172
234 173
234 174
234 175
234 176
233 176
233 176
232 176
231 176
230 176
230 177
229 177
229 177
228 177
227 177
226 177
225 177
224 177
223 177
222 177
221 177
220 177
219 177
218 177
217 177
216 177
215 177
214 177
213 177
213 178
212 178
211 178
210 178
209 178
208 178
207 178
206 178
205 178
204 178
203 178
202 178
201 178
200 178
199 178
198 178
197 178
197 179
196 179
195 179
194 179
193 179
192 179
191 179
190 179
189 179
188 179
187 179
186 179
185 179
184 179
183 179
182 179
181 179
181 180
180 180
179 180
178 180
177 180
176 180
175 180
174 180
173 180
172 180
171 180
170 180
169 180
168 180
167 180
166 180
165 180
165 181
164 181
163 181
162 181
161 181
160 181
159 181
158 181
157 181
156 181
155 181
154 181
153 181
152 181
151 181
150 181
149 181
149 182
148 182
147 182
146 182
145 182
144 182
143 182
142 182
141 182
140 182
139 182
138 182
137 182
136 182
135 182
134 182
133 182
133 183
132 183
132 183
131 183
130 183
129 183
128 183
127 183
126 183
125 183
124 183
123 183
122 183
121 183
120 183
119 183
118 183
117 183
116 183
115 183
114 183
113 183
112 183
111 183
110 183
110 184
109 184
109 184
108 184
108 183
107 183
107 182
106 182
105 182
105 181
104 181
104 180
103 180
102 180
102 179
101 179
101 178
100 178
99 178
99 177
98 177
98 176
97 176
96 176
96 175
95 175
95 174
94 174
93 174
93 173
92 173
92 172
91 172
90 172
90 171
89 171
89 170
88 170
87 170
87 169
86 169
86 168
85 168
84 168
84 167
83 167
83 166
82 166
81 166
81 165
80 165
80 164
79 164
79 163
78 163
78 163
78 162
78 161
78 160
78 159
78 158
78 157
78 156
78 155
78 154
78 153
78 152
78 151
78 150
78 149
78 148
78 147
78 146
78 145
78 144
78 143
78 142
78 141
78 140
78 139
78 138
78 137
78 136
78 135
78 134
78 133
78 132
78 131
78 130
78 129
78 128
78 127
78 126
78 125
78 124
78 123
78 123
78 123
79 123
80 123
80 122
81 122
82 122
83 122
83 121
84 121
85 121
86 121
86 120
87 120
88 120
89 120
89 119
90 119
91 119
92 119
92 118
93 118
94 118
95 118
95 117
96 117
97 117
98 117
98 116
99 116
100 116
101 116
101 115
102 115
103 115
104 115
104 114
105 114
-1 -1
