pixel
list: 0
213 196
212 196
211 196
210 196
210 195
209 195
208 195
207 195
206 195
206 194
205 194
204 194
203 194
203 193
202 193
201 193
200 193
199 193
199 192
198 192
197 192
196 192
196 191
195 191
194 191
193 191
192 191
192 190
191 190
190 190
189 190
189 189
188 189
187 189
186 189
185 189
185 188
184 188
183 188
182 188
182 187
181 187
180 187
179 187
178 187
178 186
177 186
176 186
175 186
175 185
174 185
173 185
172 185
171 185
171 184
170 184
169 184
168 184
168 183
167 183
166 183
165 183
164 183
164 182
163 182
162 182
161 182
161 181
160 181
159 181
158 181
157 181
157 180
156 180
155 180
154 180
154 179
153 179
152 179
151 179
150 179
150 178
149 178
148 178
147 178
147 177
146 177
145 177
144 177
143 177
143 176
142 176
141 176
140 176
140 175
139 175
138 175
137 175
136 175
136 174
135 174
134 174
133 174
133 173
132 173
131 173
130 173
129 173
129 172
128 172
127 172
126 172
126 171
125 171
124 171
123 171
122 171
122 170
121 170
120 170
119 170
119 169
118 169
117 169
116 169
115 169
115 168
114 168
113 168
112 168
112 167
111 167
110 167
109 167
108 167
108 166
107 166
106 166
105 166
105 165
104 165
103 165
102 165
101 165
101 164
100 164
99 164
98 164
98 163
97 163
96 163
95 163
94 163
94 162
93 162
92 162
91 162
91 161
90 161
89 161
88 161
87 161
87 160
86 160
85 160
84 160
84 159
83 159
82 159
81 159
80 159
80 158
79 158
78 158
77 158
77 157
76 157
75 157
74 157
73 157
73 156
72 156
71 156
70 156
70 155
69 155
68 155
67 155
66 155
66 154
65 154
64 154
63 154
63 153
62 153
61 153
60 153
59 153
59 152
58 152
57 152
56 152
56 151
55 151
54 151
53 151
52 151
52 150
51 150
50 150
49 150
49 149
48 149
47 149
46 149
45 149
45 148
44 148
43 148
42 148
42 147
41 147
40 147
39 147
38 147
38 146
37 146
36 146
35 146
35 145
34 145
34 145
35 145
36 145
37 145
37 144
38 144
39 144
40 144
40 143
41 143
42 143
43 143
44 143
44 142
45 142
46 142
47 142
47 141
48 141
49 141
50 141
51 141
51 140
52 140
53 140
54 140
54 139
55 139
56 139
57 139
58 139
58 138
59 138
60 138
61 138
61 137
62 137
63 137
64 137
65 137
65 136
66 136
67 136
68 136
68 135
69 135
70 135
71 135
72 135
72 134
73 134
74 134
75 134
75 133
76 133
77 133
78 133
79 133
79 132
80 132
81 132
82 132
82 131
83 131
84 131
85 131
86 131
86 130
87 130
88 130
89 130
89 129
90 129
91 129
92 129
93 129
93 128
94 128
95 128
96 128
96 127
97 127
98 127
99 127
100 127
100 126
101 126
102 126
103 126
103 125
104 125
105 125
106 125
107 125
107 124
108 124
109 124
110 124
110 123
111 123
112 123
113 123
114 123
114 122
115 122
116 122
117 122
117 121
118 121
119 121
120 121
121 121
121 120
122 120
123 120
124 120
124 119
125 119
126 119
127 119
128 119
128 118
129 118
130 118
131 118
131 117
132 117
133 117
134 117
135 117
135 116
136 116
137 116
138 116
138 115
139 115
140 115
141 115
142 115
142 114
143 114
144 114
145 114
145 113
146 113
147 113
148 113
149 113
149 112
150 112
151 112
152 112
152 111
153 111
154 111
155 111
156 111
156 110
157 110
158 110
159 110
159 109
160 109
161 109
162 109
163 109
163 108
164 108
165 108
166 108
166 107
167 107
168 107
169 107
170 107
170 106
171 106
172 106
173 106
173 105
174 105
175 105
176 105
177 105
177 104
178 104
179 104
180 104
180 103
181 103
182 103
183 103
184 103
184 102
185 102
186 102
187 102
187 101
188 101
189 101
190 101
191 101
191 100
192 100
193 100
194 100
194 99
195 99
196 99
197 99
198 99
198 98
199 98
200 98
201 98
201 97
202 97
203 97
204 97
205 97
205 96
206 96
207 96
208 96
208 95
209 95
210 95
211 95
212 95
212 94
213 94
214 94
215 94
215 93
216 93
217 93
218 93
219 93
219 92
220 92
221 92
222 92
222 91
223 91
224 91
225 91
226 91
226 90
227 90
228 90
229 90
229 89
230 89
231 89
232 89
233 89
233 88
234 88
235 88
236 88
236 87
237 87
238 87
239 87
239 86
240 86
240 86
240 87
240 88
240 89
240 90
239 90
239 91
239 92
239 93
239 94
238 94
238 95
238 96
238 97
238 98
237 98
237 99
237 100
237 101
237 102
236 102
236 103
236 104
236 105
236 106
235 106
235 107
235 108
235 109
235 110
234 110
234 111
234 112
234 113
234 114
233 114
233 115
233 116
233 117
233 118
232 118
232 119
232 120
232 121
232 122
231 122
231 123
231 124
231 125
231 126
230 126
230 127
230 128
230 129
230 130
229 130
229 131
229 132
229 133
229 134
228 134
228 135
228 136
228 137
228 138
227 138
227 139
227 140
227 141
227 142
227 143
226 143
226 144
226 145
226 146
226 147
225 147
225 148
225 149
225 150
225 151
224 151
224 152
224 153
224 154
224 155
223 155
223 156
223 157
223 158
223 159
222 159
222 160
222 161
222 162
222 163
221 163
221 164
221 165
221 166
221 167
220 167
220 168
220 169
220 170
220 171
219 171
219 172
219 173
219 174
219 175
218 175
218 176
218 177
218 178
218 179
217 179
217 180
217 181
217 182
217 183
216 183
216 184
216 185
216 186
216 187
215 187
215 188
215 189
215 190
215 191
214 191
214 192
214 193
214 194
214 195
214 196
213 196
-1 -1
