pixel
list: 122
79 122
79 122
79 122
79 121
80 121
80 121
80 120
80 119
81 119
81 119
82 119
82 118
83 118
83 118
83 117
84 117
84 117
85 117
85 116
86 116
86 116
86 115
87 115
87 115
88 115
88 114
89 114
89 114
90 114
91 114
91 113
92 113
92 113
93 113
93 113
94 113
94 113
95 113
96 113
96 112
97 112
97 112
98 112
99 112
99 111
100 111
100 111
101 111
102 111
102 110
103 110
103 110
104 110
105 110
106 110
106 110
107 110
107 110
108 110
109 110
110 110
111 110
111 109
112 109
112 109
113 109
114 109
115 109
116 109
117 109
117 108
118 108
118 108
119 108
120 108
121 108
122 108
123 108
124 108
124 107
125 107
125 107
126 107
127 107
128 107
129 107
130 107
131 107
132 107
133 107
134 107
135 107
136 107
137 107
138 107
139 107
139 106
140 106
140 106
141 106
142 106
143 106
144 106
145 106
146 106
147 106
147 105
148 105
149 105
150 105
151 105
152 105
153 105
154 105
155 105
155 104
156 104
157 104
158 104
159 104
160 104
161 104
162 104
163 104
163 103
164 103
165 103
166 103
167 103
168 103
169 103
170 103
171 103
171 102
172 102
173 102
174 102
175 102
176 102
177 102
178 102
179 102
179 101
180 101
180 101
181 101
182 101
183 101
184 101
185 101
186 101
187 101
188 101
188 101
189 101
189 101
190 101
191 101
192 101
193 101
194 101
194 100
195 100
195 100
196 100
197 100
198 100
199 100
199 100
200 100
200 100
201 100
202 100
203 100
203 99
204 99
204 99
205 99
206 99
207 99
207 99
208 99
208 99
209 99
210 99
210 99
211 99
211 99
212 99
213 99
213 100
214 100
214 100
215 100
216 100
216 100
217 100
217 100
218 100
218 100
219 100
219 100
220 100
220 101
221 101
221 101
222 101
222 101
223 101
223 101
224 101
224 102
225 102
225 102
226 102
226 102
227 102
227 102
227 103
228 103
228 103
229 103
229 104
230 104
230 104
230 105
231 105
231 105
231 106
232 106
232 106
232 107
232 108
233 108
233 108
233 109
234 109
234 109
234 110
234 111
235 111
235 111
235 112
235 113
235 114
235 114
235 114
235 115
235 116
236 116
236 116
236 117
236 118
236 119
236 120
237 120
237 120
237 121
237 122
237 123
237 124
237 125
237 126
237 127
238 127
238 127
238 128
238 129
238 130
238 131
238 132
238 133
238 134
238 135
238 136
239 136
239 137
239 138
239 139
239 140
239 141
239 142
239 143
239 144
239 145
239 146
240 146
240 146
240 147
240 148
240 149
240 150
240 150
240 150
240 151
240 152
240 153
240 154
240 154
240 154
240 155
240 156
240 156
240 156
240 157
240 158
239 158
239 158
239 159
239 160
239 160
239 160
239 161
239 162
238 162
238 162
238 163
238 163
238 163
238 164
237 164
237 164
237 165
237 166
236 166
236 166
235 166
235 167
234 167
234 167
234 168
233 168
233 168
232 168
232 169
231 169
231 169
231 170
230 170
230 170
229 170
229 171
228 171
228 171
227 171
226 171
226 172
225 172
225 172
224 172
224 172
223 172
223 172
222 172
221 172
221 173
220 173
220 173
219 173
218 173
218 174
217 174
217 174
216 174
215 174
215 175
214 175
214 175
213 175
212 175
211 175
211 175
210 175
210 175
209 175
208 175
207 175
206 175
206 176
205 176
205 176
204 176
203 176
202 176
201 176
200 176
200 177
199 177
199 177
198 177
197 177
196 177
195 177
194 177
193 177
193 178
192 178
192 178
191 178
190 178
189 178
188 178
187 178
186 178
185 178
184 178
183 178
182 178
181 178
180 178
179 178
178 178
178 179
177 179
177 179
176 179
175 179
174 179
173 179
172 179
171 179
170 179
170 180
169 180
168 180
167 180
166 180
165 180
164 180
163 180
162 180
162 181
161 181
160 181
159 181
158 181
157 181
156 181
155 181
154 181
154 182
153 182
152 182
151 182
150 182
149 182
148 182
147 182
146 182
146 183
145 183
144 183
143 183
142 183
141 183
140 183
139 183
138 183
138 184
137 184
137 184
136 184
135 184
134 184
133 184
132 184
131 184
130 184
129 184
129 184
128 184
128 184
127 184
126 184
125 184
124 184
123 184
123 185
122 185
122 185
121 185
120 185
119 185
118 185
118 185
117 185
117 185
116 185
115 185
114 185
114 186
113 186
113 186
112 186
111 186
110 186
110 186
109 186
109 186
108 186
107 186
107 186
106 186
106 186
105 186
104 186
104 185
103 185
103 185
102 185
101 185
101 185
100 185
100 185
99 185
99 185
98 185
98 185
97 185
97 184
96 184
96 184
95 184
95 184
94 184
94 184
93 184
93 183
92 183
92 183
91 183
91 183
90 183
90 183
90 182
89 182
89 182
88 182
88 181
87 181
87 181
87 180
86 180
86 180
86 179
85 179
85 179
85 178
85 177
84 177
84 177
84 176
83 176
83 176
83 175
83 174
82 174
82 174
82 173
82 172
82 171
82 171
82 171
82 170
82 169
81 169
81 169
81 168
81 167
81 166
81 165
80 165
80 165
80 164
80 163
80 162
80 161
80 160
80 159
80 158
79 158
79 158
79 157
79 156
79 155
79 154
79 153
79 152
79 151
79 150
79 149
78 149
78 148
78 147
78 146
78 145
78 144
78 143
78 142
78 141
78 140
78 139
77 139
77 139
77 138
77 137
77 136
77 135
77 135
77 135
77 134
77 133
77 132
77 131
77 131
77 131
77 130
77 129
77 129
77 129
77 128
77 127
78 127
78 127
78 126
78 125
78 125
78 125
78 124
78 123
79 123
-1 -1
list: -1
-1 -1
