pixel
list: 0
243 171
242 171
241 171
240 171
239 171
238 171
237 171
236 171
235 171
234 171
234 172
233 172
232 172
231 172
230 172
229 172
228 172
227 172
226 172
225 172
224 172
224 173
223 173
222 173
221 173
220 173
219 173
218 173
217 173
216 173
215 173
215 174
214 174
213 174
212 174
211 174
210 174
209 174
208 174
207 174
206 174
205 174
205 175
204 175
203 175
202 175
201 175
200 175
199 175
198 175
197 175
196 175
195 175
195 176
194 176
193 176
192 176
191 176
190 176
189 176
188 176
187 176
186 176
186 177
185 177
184 177
183 177
182 177
181 177
180 177
179 177
178 177
177 177
176 177
176 178
175 178
174 178
173 178
172 178
171 178
170 178
169 178
168 178
167 178
167 179
166 179
165 179
164 179
163 179
162 179
161 179
160 179
159 179
158 179
157 179
157 180
156 180
155 180
154 180
153 180
152 180
151 180
150 180
149 180
148 180
147 180
147 181
146 181
145 181
144 181
143 181
142 181
141 181
140 181
139 181
138 181
138 182
137 182
136 182
135 182
134 182
133 182
132 182
131 182
130 182
129 182
128 182
128 183
127 183
126 183
125 183
124 183
123 183
122 183
121 183
120 183
119 183
118 183
118 184
117 184
116 184
115 184
114 184
113 184
112 184
111 184
110 184
109 184
109 185
108 185
107 185
106 185
105 185
104 185
103 185
102 185
101 185
100 185
99 185
99 186
98 186
97 186
96 186
95 186
94 186
93 186
92 186
91 186
90 186
90 187
89 187
89 187
89 186
89 185
89 184
89 183
89 182
89 181
89 180
89 179
89 178
88 178
88 177
88 176
88 175
88 174
88 173
88 172
88 171
88 170
88 169
87 169
87 168
87 167
87 166
87 165
87 164
87 163
87 162
87 161
87 160
86 160
86 159
86 158
86 157
86 156
86 155
86 154
86 153
86 152
86 151
85 151
85 150
85 149
85 148
85 147
85 146
85 145
85 144
85 143
85 142
84 142
84 141
84 140
84 139
84 138
84 137
84 136
84 135
84 134
84 133
83 133
83 132
83 131
83 130
83 129
83 128
83 127
83 126
83 125
83 124
82 124
82 123
82 122
82 121
82 120
82 119
82 118
82 117
82 116
82 115
82 114
81 114
81 114
82 114
83 114
84 114
85 114
86 114
87 114
88 114
89 114
90 114
90 113
91 113
92 113
93 113
94 113
95 113
96 113
97 113
98 113
99 113
100 113
100 112
101 112
102 112
103 112
104 112
105 112
106 112
107 112
108 112
109 112
110 112
110 111
111 111
112 111
113 111
114 111
115 111
116 111
117 111
118 111
119 111
119 110
120 110
121 110
122 110
123 110
124 110
125 110
126 110
127 110
128 110
129 110
129 109
130 109
131 109
132 109
133 109
134 109
135 109
136 109
137 109
138 109
139 109
139 108
140 108
141 108
142 108
143 108
144 108
145 108
146 108
147 108
148 108
148 107
149 107
150 107
151 107
152 107
153 107
154 107
155 107
156 107
157 107
158 107
158 106
159 106
160 106
161 106
162 106
163 106
164 106
165 106
166 106
167 106
168 106
168 105
169 105
170 105
171 105
172 105
173 105
174 105
175 105
176 105
177 105
177 104
178 104
179 104
180 104
181 104
182 104
183 104
184 104
185 104
186 104
187 104
187 103
188 103
189 103
190 103
191 103
192 103
193 103
194 103
195 103
196 103
197 103
197 102
198 102
199 102
200 102
201 102
202 102
203 102
204 102
205 102
206 102
206 101
207 101
208 101
209 101
210 101
211 101
212 101
213 101
214 101
215 101
216 101
216 100
217 100
218 100
219 100
220 100
221 100
222 100
223 100
224 100
225 100
226 100
226 99
227 99
228 99
229 99
230 99
231 99
232 99
233 99
234 99
235 99
235 98
236 98
236 98
236 99
236 100
236 101
236 102
236 103
236 104
236 105
236 106
236 107
236 108
237 108
237 109
237 110
237 111
237 112
237 113
237 114
237 115
237 116
237 117
237 118
238 118
238 119
238 120
238 121
238 122
238 123
238 124
238 125
238 126
238 127
238 128
238 129
239 129
239 130
239 131
239 132
239 133
239 134
239 135
239 136
239 137
239 138
239 139
240 139
240 140
240 141
240 142
240 143
240 144
240 145
240 146
240 147
240 148
240 149
240 150
241 150
241 151
241 152
241 153
241 154
241 155
241 156
241 157
241 158
241 159
241 160
242 160
242 161
242 162
242 163
242 164
242 165
242 166
242 167
242 168
242 169
242 170
242 171
243 171
-1 -1
