pixel
list: 0
46 242
46 241
46 240
46 239
46 238
46 237
46 236
46 235
47 235
47 234
47 233
47 232
47 231
47 230
47 229
47 228
48 228
48 227
48 226
48 225
48 224
48 223
48 222
48 221
48 220
49 220
49 219
49 218
49 217
49 216
49 215
49 214
49 213
50 213
50 212
50 211
50 210
50 209
50 208
50 207
50 206
51 206
51 205
51 204
51 203
51 202
51 201
51 200
51 199
51 198
52 198
52 198
52 197
52 196
52 195
52 194
52 193
52 192
53 192
53 191
53 190
53 189
53 188
53 187
53 186
53 185
54 185
54 184
54 183
54 182
54 181
54 180
54 179
54 178
55 178
55 178
55 177
55 176
55 175
55 174
56 174
56 173
56 172
56 171
56 170
57 170
57 169
57 168
57 167
57 166
58 166
58 166
59 166
60 166
60 165
61 165
61 165
62 165
63 165
64 165
65 165
66 165
67 165
68 165
69 165
70 165
71 165
72 165
73 165
74 165
75 165
76 165
76 165
77 165
77 165
78 165
79 165
80 165
80 166
81 166
81 166
82 166
82 167
83 167
84 167
84 168
85 168
85 168
86 168
86 169
87 169
87 170
88 170
88 171
89 171
90 171
90 172
91 172
91 173
92 173
92 174
93 174
94 174
94 175
95 175
95 176
96 176
96 177
97 177
97 177
97 178
97 179
97 180
97 181
97 182
97 183
97 184
98 184
98 185
98 186
98 187
98 188
98 189
98 190
98 191
98 192
99 192
99 193
99 194
99 195
99 196
99 197
99 198
99 199
99 200
100 200
100 201
100 202
100 203
100 204
100 205
100 206
100 207
101 207
101 208
101 209
101 210
101 211
101 212
101 213
101 214
101 215
102 215
102 216
102 217
102 218
102 219
102 220
102 221
102 222
102 223
103 223
103 224
103 225
103 226
103 227
103 228
103 229
103 230
103 231
104 231
104 232
104 233
104 234
104 235
104 236
104 237
104 238
105 238
105 239
105 240
105 241
105 242
105 243
105 244
105 245
105 246
106 246
106 247
106 248
106 249
106 250
106 251
106 252
106 253
106 254
107 254
107 255
107 256
107 257
107 258
107 259
107 260
107 261
107 262
108 262
108 263
108 264
108 265
108 266
108 267
108 268
108 269
109 269
109 270
109 271
109 272
109 273
109 274
109 275
109 276
109 277
110 277
110 278
110 279
110 280
110 281
110 282
110 283
110 284
110 285
111 285
111 286
111 287
111 288
111 289
111 290
111 291
111 292
111 293
112 293
112 294
112 295
112 296
112 297
112 298
112 299
112 300
113 300
113 301
113 302
113 303
113 304
113 305
113 306
113 307
113 308
114 308
114 309
114 310
114 311
114 312
114 313
114 314
114 315
114 316
115 316
115 317
115 318
115 319
115 320
115 321
115 322
115 323
115 324
116 324
116 324
115 324
114 324
113 324
112 324
111 324
110 324
109 324
108 324
107 324
106 324
105 324
104 324
103 324
102 324
101 324
100 324
99 324
98 324
97 324
96 324
95 324
94 324
93 324
92 324
91 324
90 324
89 324
88 324
87 324
86 324
85 324
84 324
83 324
82 324
81 324
81 324
80 324
80 324
79 324
78 324
77 324
76 324
75 324
75 323
74 323
73 323
72 323
71 323
70 323
69 323
69 322
68 322
68 322
67 322
66 322
65 322
65 321
64 321
63 321
62 321
61 321
61 320
60 320
59 320
58 320
57 320
57 319
56 319
55 319
54 319
53 319
53 318
52 318
51 318
50 318
49 318
49 317
48 317
47 317
46 317
45 317
45 316
44 316
44 316
43 316
43 315
42 315
42 314
41 314
41 313
40 313
40 313
40 312
40 311
40 310
40 309
40 308
40 307
40 306
40 305
40 304
40 303
40 302
41 302
41 301
41 300
41 299
41 298
41 297
41 296
41 295
41 294
41 293
41 292
41 291
41 290
42 290
42 289
42 288
42 287
42 286
42 285
42 284
42 283
42 282
42 281
42 280
42 279
42 278
43 278
43 277
43 276
43 275
43 274
43 273
43 272
43 271
43 270
43 269
43 268
43 267
43 266
44 266
44 265
44 264
44 263
44 262
44 261
44 260
44 259
44 258
44 257
44 256
44 255
44 254
45 254
45 253
45 252
45 251
45 250
45 249
45 248
45 247
45 246
45 245
45 244
45 243
45 242
46 242
-1 -1
