pixel
list: 0
113 330
112 330
111 330
110 330
109 330
108 330
107 330
106 330
105 330
104 330
103 330
102 330
101 330
100 330
99 330
98 330
97 330
96 330
95 330
94 330
94 331
93 331
92 331
91 331
90 331
89 331
88 331
87 331
86 331
85 331
84 331
83 331
82 331
81 331
80 331
79 331
78 331
77 331
76 331
75 331
74 331
74 332
73 332
72 332
71 332
70 332
69 332
68 332
67 332
66 332
65 332
64 332
63 332
62 332
61 332
60 332
59 332
58 332
57 332
56 332
55 332
54 332
54 333
53 333
53 333
53 332
53 331
53 330
53 329
53 328
53 327
53 326
53 325
53 324
53 323
53 322
53 321
53 320
53 319
53 318
52 318
52 317
52 316
52 315
52 314
52 313
52 312
52 311
52 310
52 309
52 308
52 307
52 306
52 305
52 304
52 303
52 302
51 302
51 301
51 300
51 299
51 298
51 297
51 296
51 295
51 294
51 293
51 292
51 291
51 290
51 289
51 288
51 287
50 287
50 286
50 285
50 284
50 283
50 282
50 281
50 280
50 279
50 278
50 277
50 276
50 275
50 274
50 273
50 272
50 271
49 271
49 270
49 269
49 268
49 267
49 266
49 265
49 264
49 263
49 262
49 261
49 260
49 259
49 258
49 257
49 256
48 256
48 255
48 254
48 253
48 252
48 251
48 250
48 249
48 248
48 247
48 246
48 245
48 244
48 243
48 242
48 241
48 240
47 240
47 239
47 238
47 237
47 236
47 235
47 234
47 233
47 232
47 231
47 230
47 229
47 228
47 227
47 226
47 225
46 225
46 224
46 223
46 222
46 221
46 220
46 219
46 218
46 217
46 216
46 215
46 214
46 213
46 212
46 211
46 210
46 209
45 209
45 208
45 207
45 206
45 205
45 204
45 203
45 202
45 201
45 200
45 199
45 198
45 197
45 196
45 195
45 194
44 194
44 193
44 192
44 191
44 190
44 189
44 188
44 187
44 186
44 185
44 184
44 183
44 182
44 181
44 180
44 179
44 178
43 178
43 178
44 178
45 178
46 178
47 178
48 178
49 178
50 178
51 178
52 178
53 178
54 178
55 178
56 178
57 178
58 178
59 178
60 178
61 178
62 178
63 178
63 177
64 177
65 177
66 177
67 177
68 177
69 177
70 177
71 177
72 177
73 177
74 177
75 177
76 177
77 177
78 177
79 177
80 177
81 177
82 177
83 177
83 176
84 176
85 176
86 176
87 176
88 176
89 176
90 176
91 176
92 176
93 176
94 176
95 176
96 176
97 176
98 176
99 176
100 176
101 176
102 176
103 176
103 175
104 175
104 175
104 176
104 177
104 178
104 179
104 180
104 181
104 182
104 183
104 184
104 185
104 186
104 187
104 188
104 189
104 190
104 191
104 192
105 192
105 193
105 194
105 195
105 196
105 197
105 198
105 199
105 200
105 201
105 202
105 203
105 204
105 205
105 206
105 207
105 208
105 209
106 209
106 210
106 211
106 212
106 213
106 214
106 215
106 216
106 217
106 218
106 219
106 220
106 221
106 222
106 223
106 224
106 225
106 226
107 226
107 227
107 228
107 229
107 230
107 231
107 232
107 233
107 234
107 235
107 236
107 237
107 238
107 239
107 240
107 241
107 242
107 243
108 243
108 244
108 245
108 246
108 247
108 248
108 249
108 250
108 251
108 252
108 253
108 254
108 255
108 256
108 257
108 258
108 259
108 260
108 261
109 261
109 262
109 263
109 264
109 265
109 266
109 267
109 268
109 269
109 270
109 271
109 272
109 273
109 274
109 275
109 276
109 277
109 278
110 278
110 279
110 280
110 281
110 282
110 283
110 284
110 285
110 286
110 287
110 288
110 289
110 290
110 291
110 292
110 293
110 294
110 295
111 295
111 296
111 297
111 298
111 299
111 300
111 301
111 302
111 303
111 304
111 305
111 306
111 307
111 308
111 309
111 310
111 311
111 312
112 312
112 313
112 314
112 315
112 316
112 317
112 318
112 319
112 320
112 321
112 322
112 323
112 324
112 325
112 326
112 327
112 328
112 329
112 330
113 330
-1 -1
