pixel
list: 304
42 304
42 304
42 304
42 303
42 302
42 301
42 301
42 301
42 300
42 299
42 298
42 298
42 298
42 297
42 296
42 295
42 295
42 295
42 294
42 293
42 292
42 291
42 291
42 291
42 290
42 289
42 288
42 287
42 287
42 287
42 286
42 285
42 284
42 283
42 282
42 281
43 281
43 281
43 280
43 279
43 278
43 277
43 276
43 275
43 274
43 273
43 272
43 272
43 272
43 271
43 270
43 269
43 268
43 267
43 266
43 265
43 264
43 263
43 262
43 261
44 261
44 260
44 259
44 258
44 257
44 256
44 255
44 254
44 253
44 252
44 251
44 250
45 250
45 249
45 248
45 247
45 246
45 245
45 244
45 243
45 242
45 241
45 240
45 239
46 239
46 238
46 237
46 236
46 235
46 234
46 233
46 232
46 231
46 230
46 229
46 228
46 227
47 227
47 227
47 226
47 225
47 224
47 223
47 222
47 221
47 220
47 219
47 218
47 217
47 216
47 215
47 214
48 214
48 214
48 213
48 212
48 211
48 210
48 209
48 208
48 207
48 207
48 207
48 206
48 205
48 204
48 203
48 202
49 202
49 202
49 201
49 200
49 199
49 198
49 198
49 198
49 197
49 196
49 195
50 195
50 195
50 194
50 193
50 192
50 192
50 192
50 191
50 190
51 190
51 190
51 189
51 188
51 187
51 187
51 187
51 186
51 185
52 185
52 185
52 184
52 183
52 183
52 183
52 182
53 182
53 182
53 181
53 180
54 180
54 180
54 179
54 179
54 179
54 178
55 178
55 178
55 177
56 177
56 177
56 176
57 176
57 176
57 175
58 175
58 175
58 174
59 174
59 174
59 174
60 174
60 174
61 174
61 173
62 173
62 173
62 173
63 173
63 173
64 173
64 173
65 173
65 173
66 173
67 173
67 173
68 173
68 173
69 173
70 173
71 173
71 173
72 173
72 173
73 173
74 173
75 173
76 173
77 173
78 173
79 173
80 173
81 173
81 174
82 174
83 174
84 174
85 174
86 174
87 174
88 174
89 174
90 174
90 175
91 175
91 175
92 175
93 175
94 175
95 175
96 175
96 175
97 175
97 175
98 175
99 175
99 175
100 175
100 175
101 175
101 176
102 176
102 176
103 176
103 176
104 176
104 176
104 177
105 177
105 177
105 178
106 178
106 178
106 179
107 179
107 179
107 179
108 179
108 179
108 180
109 180
109 180
109 181
110 181
110 181
110 182
110 183
111 183
111 183
111 184
111 184
111 184
111 185
111 186
112 186
112 186
112 187
112 187
112 187
112 188
112 189
112 189
112 189
112 190
112 191
113 191
113 191
113 192
113 193
113 193
113 193
113 194
113 195
113 196
113 196
113 196
113 197
113 198
113 199
113 199
113 199
113 200
113 201
113 202
113 202
113 202
113 203
113 204
113 205
113 206
113 206
113 206
113 207
113 208
113 209
113 210
113 210
113 210
113 211
113 212
113 213
113 214
113 215
113 216
112 216
112 216
112 217
112 218
112 219
112 220
112 221
112 222
112 223
112 224
112 225
112 225
112 225
112 226
112 227
112 228
112 229
112 230
112 231
112 232
112 233
112 234
112 235
112 236
111 236
111 237
111 238
111 239
111 240
111 241
111 242
111 243
111 244
111 245
111 246
111 247
110 247
110 248
110 249
110 250
110 251
110 252
110 253
110 254
110 255
110 256
110 257
110 258
109 258
109 259
109 260
109 261
109 262
109 263
109 264
109 265
109 266
109 267
109 268
109 269
109 270
108 270
108 270
108 271
108 272
108 273
108 274
108 275
108 276
108 277
108 278
108 279
108 280
108 281
108 282
108 283
107 283
107 283
107 284
107 285
107 286
107 287
107 288
107 289
107 290
107 290
107 290
107 291
107 292
107 293
107 294
107 295
106 295
106 295
106 296
106 297
106 298
106 299
106 299
106 299
106 300
106 301
106 302
105 302
105 302
105 303
105 304
105 305
105 305
105 305
105 306
105 307
104 307
104 307
104 308
104 309
104 310
104 310
104 310
104 311
104 312
103 312
103 312
103 313
103 314
103 314
103 314
103 315
102 315
102 315
102 316
102 317
101 317
101 317
101 318
101 318
101 318
101 319
100 319
100 319
100 320
99 320
99 320
99 321
98 321
98 321
98 322
97 322
97 322
97 323
96 323
96 323
96 323
95 323
95 323
94 323
94 324
93 324
93 324
93 324
92 324
92 324
91 324
91 324
90 324
90 324
89 324
88 324
88 324
87 324
87 324
86 324
85 324
84 324
84 324
83 324
83 324
82 324
81 324
80 324
79 324
78 324
77 324
76 324
75 324
74 324
74 323
73 323
72 323
71 323
70 323
69 323
68 323
67 323
66 323
65 323
65 322
64 322
64 322
63 322
62 322
61 322
60 322
59 322
59 322
58 322
58 322
57 322
56 322
56 322
55 322
55 322
54 322
54 321
53 321
53 321
52 321
52 321
51 321
51 321
51 320
50 320
50 320
50 319
49 319
49 319
49 318
48 318
48 318
48 318
47 318
47 318
47 317
46 317
46 317
46 316
45 316
45 316
45 315
45 314
44 314
44 314
44 313
44 313
44 313
44 312
44 311
43 311
43 311
43 310
43 310
43 310
43 309
43 308
43 308
43 308
43 307
43 306
42 306
-1 -1
list: -1
-1 -1
