pixel
list: 0
35 321
35 320
35 319
35 318
35 317
35 316
36 316
36 315
36 314
36 313
36 312
36 311
36 310
37 310
37 309
37 308
37 307
37 306
37 305
38 305
38 304
38 303
38 302
38 301
38 300
38 299
39 299
39 298
39 297
39 296
39 295
39 294
39 293
40 293
40 292
40 291
40 290
40 289
40 288
41 288
41 287
41 286
41 285
41 284
41 283
41 282
42 282
42 281
42 280
42 279
42 278
42 277
43 277
43 276
43 275
43 274
43 273
43 272
43 271
44 271
44 270
44 269
44 268
44 267
44 266
44 265
45 265
45 264
45 263
45 262
45 261
45 260
46 260
46 259
46 258
46 257
46 256
46 255
46 254
47 254
47 253
47 252
47 251
47 250
47 249
48 249
48 248
48 247
48 246
48 245
48 244
48 243
49 243
49 242
49 241
49 240
49 239
49 238
49 237
50 237
50 236
50 235
50 234
50 233
50 232
51 232
51 231
51 230
51 229
51 228
51 227
51 226
52 226
52 225
52 224
52 223
52 222
52 221
53 221
53 220
53 219
53 218
53 217
53 216
53 215
54 215
54 214
54 213
54 212
54 211
54 210
54 209
55 209
55 208
55 207
55 206
55 205
55 204
56 204
56 203
56 202
56 201
56 200
56 199
56 198
57 198
57 197
57 196
57 195
57 194
57 193
58 193
58 192
58 191
58 190
58 189
58 188
58 187
59 187
59 186
59 185
59 184
59 183
59 182
59 181
60 181
60 180
60 179
60 178
60 177
60 176
61 176
61 175
61 174
61 173
61 172
61 171
61 170
62 170
62 169
62 168
62 167
62 166
62 165
63 165
63 164
63 163
63 162
63 161
63 160
63 159
64 159
64 158
64 157
64 156
64 155
64 154
64 153
65 153
65 152
65 151
65 150
65 149
65 148
66 148
66 147
66 146
66 145
66 144
66 143
66 142
67 142
67 141
67 140
67 139
67 138
67 137
68 137
68 136
68 135
68 134
68 133
68 132
68 131
69 131
69 130
69 129
69 128
69 127
69 126
69 125
70 125
70 125
70 126
70 127
70 128
71 128
71 129
71 130
71 131
72 131
72 132
72 133
72 134
73 134
73 135
73 136
73 137
73 138
74 138
74 139
74 140
74 141
75 141
75 142
75 143
75 144
76 144
76 145
76 146
76 147
76 148
77 148
77 149
77 150
77 151
78 151
78 152
78 153
78 154
79 154
79 155
79 156
79 157
80 157
80 158
80 159
80 160
80 161
81 161
81 162
81 163
81 164
82 164
82 165
82 166
82 167
83 167
83 168
83 169
83 170
83 171
84 171
84 172
84 173
84 174
85 174
85 175
85 176
85 177
86 177
86 178
86 179
86 180
87 180
87 181
87 182
87 183
87 184
88 184
88 185
88 186
88 187
89 187
89 188
89 189
89 190
90 190
90 191
90 192
90 193
90 194
91 194
91 195
91 196
91 197
92 197
92 198
92 199
92 200
93 200
93 201
93 202
93 203
93 204
94 204
94 205
94 206
94 207
95 207
95 208
95 209
95 210
96 210
96 211
96 212
96 213
97 213
97 214
97 215
97 216
97 217
98 217
98 218
98 219
98 220
99 220
99 221
99 222
99 223
100 223
100 224
100 225
100 226
100 227
101 227
101 228
101 229
101 230
102 230
102 231
102 232
102 233
103 233
103 234
103 235
103 236
104 236
104 237
104 238
104 239
104 240
105 240
105 241
105 242
105 243
106 243
106 244
106 245
106 246
107 246
107 247
107 248
107 249
107 250
108 250
108 251
108 252
108 253
109 253
109 254
109 255
109 256
110 256
110 257
110 258
110 259
110 260
111 260
111 261
111 262
111 263
112 263
112 264
112 265
112 266
113 266
113 267
113 268
113 269
114 269
114 270
114 271
114 272
114 273
115 273
115 274
115 275
115 276
116 276
116 277
116 278
116 279
117 279
117 280
117 281
117 282
117 283
118 283
118 284
118 285
118 286
119 286
119 287
119 288
119 289
120 289
120 290
120 291
120 292
121 292
121 293
121 294
121 295
121 296
122 296
122 297
122 298
122 299
123 299
123 300
123 301
123 302
124 302
124 303
124 304
124 305
124 306
125 306
125 307
125 308
125 309
126 309
126 310
126 311
126 312
127 312
127 313
127 314
127 315
127 316
128 316
128 316
127 316
126 316
125 316
124 316
123 316
122 316
121 316
120 316
119 316
118 316
117 316
116 316
115 316
114 316
113 316
112 316
111 316
110 316
110 317
109 317
108 317
107 317
106 317
105 317
104 317
103 317
102 317
101 317
100 317
99 317
98 317
97 317
96 317
95 317
94 317
93 317
92 317
91 317
91 318
90 318
89 318
88 318
87 318
86 318
85 318
84 318
83 318
82 318
81 318
80 318
79 318
78 318
77 318
76 318
75 318
74 318
73 318
73 319
72 319
71 319
70 319
69 319
68 319
67 319
66 319
65 319
64 319
63 319
62 319
61 319
60 319
59 319
58 319
57 319
56 319
55 319
54 319
54 320
53 320
52 320
51 320
50 320
49 320
48 320
47 320
46 320
45 320
44 320
43 320
42 320
41 320
40 320
39 320
38 320
37 320
36 320
36 321
35 321
-1 -1
