pixel
list: 304
187 304
187 304
187 304
187 303
187 302
187 301
186 301
186 301
186 300
186 299
186 298
186 297
185 297
185 297
185 296
185 295
185 294
185 293
185 293
185 293
185 292
185 291
185 290
185 289
185 289
185 289
185 288
185 287
185 286
185 285
185 284
185 284
185 284
185 283
185 282
185 281
185 280
185 280
185 280
185 279
185 278
185 277
185 276
185 275
185 275
185 275
185 274
185 273
185 272
185 271
185 270
186 270
186 270
186 269
186 268
186 267
186 266
186 265
187 265
187 265
187 264
187 263
187 262
187 261
187 260
188 260
188 260
188 259
188 258
188 257
188 256
188 255
189 255
189 255
189 254
189 253
189 252
190 252
190 251
190 250
190 249
191 249
191 249
191 248
191 247
191 246
192 246
192 245
192 244
192 243
193 243
193 243
193 242
193 241
193 240
194 240
194 239
194 238
194 237
194 236
195 236
195 236
195 235
195 234
196 234
196 233
196 232
197 232
197 231
197 230
197 229
198 229
198 229
198 228
198 227
198 226
199 226
199 225
199 224
199 223
200 223
200 223
200 222
200 221
201 221
201 220
201 219
202 219
202 218
202 217
203 217
203 217
203 216
203 215
204 215
204 214
204 213
204 212
205 212
205 212
205 211
206 211
206 210
207 210
207 209
207 208
208 208
208 208
208 207
208 206
209 206
209 205
209 204
209 203
210 203
210 203
210 202
211 202
211 201
212 201
212 200
212 199
213 199
213 199
213 198
213 197
214 197
214 196
214 195
215 195
215 195
215 194
216 194
216 193
217 193
217 192
217 191
218 191
218 191
218 190
219 190
219 189
220 189
220 188
221 188
221 188
221 187
222 187
222 186
223 186
223 185
224 185
224 185
224 184
225 184
225 183
226 183
226 182
227 182
227 182
227 181
228 181
228 180
229 180
229 179
230 179
230 179
231 179
231 178
232 178
232 177
233 177
233 177
234 177
234 176
235 176
235 175
236 175
236 175
237 175
237 174
238 174
238 173
239 173
239 173
240 173
241 173
241 172
242 172
242 172
243 172
244 172
244 171
245 171
245 171
246 171
247 171
247 170
248 170
248 170
249 170
250 170
251 170
251 169
252 169
252 169
253 169
254 169
254 169
255 169
255 169
256 169
257 169
257 169
258 169
258 169
259 169
260 169
260 170
261 170
261 170
262 170
263 170
264 170
264 171
265 171
265 171
266 171
267 171
268 171
268 172
269 172
269 172
270 172
271 172
272 172
272 173
273 173
273 173
274 173
274 174
275 174
275 175
276 175
276 175
277 175
277 176
278 176
278 177
279 177
279 177
280 177
280 178
281 178
281 179
282 179
282 179
282 180
283 180
283 181
284 181
284 181
284 182
285 182
285 183
286 183
286 183
286 184
287 184
287 185
287 186
288 186
288 186
288 187
289 187
289 188
289 189
290 189
290 189
290 190
291 190
291 191
291 192
292 192
292 192
292 193
292 194
292 195
293 195
293 195
293 196
293 197
293 198
293 199
294 199
294 199
294 200
294 201
294 202
295 202
295 202
295 203
295 204
295 205
295 206
296 206
296 206
296 207
296 208
296 209
296 210
296 210
296 210
296 211
296 212
296 213
296 214
296 214
296 214
296 215
296 216
296 217
296 218
296 219
296 219
296 219
296 220
296 221
296 222
296 223
296 223
296 223
296 224
296 225
296 226
296 227
296 228
296 228
296 228
296 229
296 230
296 231
296 232
296 233
295 233
295 233
295 234
295 235
295 236
295 237
295 238
294 238
294 238
294 239
294 240
294 241
294 242
294 243
293 243
293 243
293 244
293 245
293 246
293 247
293 248
292 248
292 248
292 249
292 250
292 251
291 251
291 252
291 253
291 254
290 254
290 254
290 255
290 256
290 257
289 257
289 258
289 259
289 260
288 260
288 260
288 261
288 262
288 263
287 263
287 264
287 265
287 266
287 267
286 267
286 267
286 268
286 269
285 269
285 270
285 271
284 271
284 272
284 273
284 274
283 274
283 274
283 275
283 276
283 277
282 277
282 278
282 279
282 280
281 280
281 280
281 281
281 282
280 282
280 283
280 284
279 284
279 285
279 286
278 286
278 286
278 287
278 288
277 288
277 289
277 290
277 291
276 291
276 291
276 292
275 292
275 293
274 293
274 294
274 295
273 295
273 295
273 296
273 297
272 297
272 298
272 299
272 300
271 300
271 300
271 301
270 301
270 302
269 302
269 303
269 304
268 304
268 304
268 305
268 306
267 306
267 307
267 308
266 308
266 308
266 309
265 309
265 310
264 310
264 311
264 312
263 312
263 312
263 313
262 313
262 314
261 314
261 315
260 315
260 315
260 316
259 316
259 317
258 317
258 318
257 318
257 318
257 319
256 319
256 320
255 320
255 321
254 321
254 321
254 322
253 322
253 323
252 323
252 324
251 324
251 324
250 324
250 325
249 325
249 326
248 326
248 326
247 326
247 327
246 327
246 328
245 328
245 328
244 328
244 329
243 329
243 330
242 330
242 330
241 330
240 330
240 331
239 331
239 331
238 331
237 331
237 332
236 332
236 332
235 332
234 332
234 333
233 333
233 333
232 333
231 333
230 333
230 334
229 334
229 334
228 334
227 334
227 334
226 334
226 334
225 334
224 334
224 334
223 334
223 334
222 334
221 334
221 333
220 333
220 333
219 333
218 333
217 333
217 332
216 332
216 332
215 332
214 332
213 332
213 331
212 331
212 331
211 331
210 331
209 331
209 330
208 330
208 330
207 330
207 329
206 329
206 328
205 328
205 328
204 328
204 327
203 327
203 326
202 326
202 326
201 326
201 325
200 325
200 324
199 324
199 324
199 323
198 323
198 322
197 322
197 322
197 321
196 321
196 320
195 320
195 320
195 319
194 319
194 318
194 317
193 317
193 317
193 316
192 316
192 315
192 314
191 314
191 314
191 313
190 313
190 312
190 311
189 311
189 311
189 310
189 309
189 308
188 308
-1 -1
list: -1
-1 -1
