pixel
list: 0
318 186
318 187
317 187
317 188
317 189
316 189
316 190
316 191
315 191
315 192
315 193
314 193
314 194
314 195
313 195
313 196
313 197
312 197
312 198
312 199
311 199
311 200
311 201
310 201
310 202
310 203
309 203
309 204
309 205
308 205
308 206
308 207
307 207
307 208
307 209
306 209
306 210
306 211
305 211
305 212
305 213
304 213
304 214
304 215
303 215
303 216
303 217
302 217
302 218
302 219
301 219
301 220
301 221
300 221
300 222
300 223
299 223
299 224
299 225
298 225
298 226
298 227
297 227
297 228
297 229
296 229
296 230
296 231
295 231
295 232
295 233
294 233
294 234
294 235
293 235
293 236
293 237
292 237
292 238
292 239
291 239
291 240
291 241
290 241
290 242
290 243
289 243
289 244
289 245
288 245
288 246
288 247
287 247
287 248
287 249
286 249
286 250
286 251
285 251
285 252
285 253
284 253
284 254
284 255
283 255
283 256
283 257
282 257
282 258
282 259
281 259
281 260
281 261
280 261
280 262
280 263
279 263
279 264
279 265
278 265
278 266
278 267
277 267
277 268
277 269
276 269
276 270
276 271
275 271
275 272
275 273
274 273
274 274
274 275
273 275
273 276
273 277
272 277
272 278
272 279
271 279
271 280
270 280
270 281
270 282
269 282
269 283
269 284
268 284
268 285
268 286
267 286
267 287
267 288
266 288
266 289
266 290
265 290
265 291
265 292
264 292
264 293
264 294
263 294
263 295
263 296
262 296
262 297
262 298
261 298
261 299
261 300
260 300
260 301
260 302
259 302
259 303
259 304
258 304
258 305
258 306
257 306
257 307
257 308
256 308
256 309
256 310
255 310
255 311
255 312
254 312
254 313
254 314
253 314
253 315
253 316
252 316
252 317
252 318
251 318
251 319
251 320
250 320
250 321
250 322
249 322
249 323
249 324
248 324
248 325
248 326
247 326
247 327
247 328
246 328
246 329
246 330
245 330
245 331
245 332
244 332
244 333
244 334
243 334
243 335
243 336
242 336
242 337
242 338
241 338
241 339
241 340
240 340
240 341
240 342
239 342
239 343
239 344
238 344
238 345
238 346
237 346
237 347
237 348
236 348
236 349
236 350
235 350
235 351
235 352
234 352
234 353
234 354
233 354
233 355
233 356
232 356
232 357
232 358
231 358
231 359
231 360
230 360
230 361
230 362
229 362
229 363
229 364
228 364
228 365
228 366
227 366
227 367
227 368
226 368
226 369
226 370
225 370
225 371
225 372
224 372
224 372
224 371
224 370
224 369
224 368
223 368
223 367
223 366
223 365
223 364
223 363
222 363
222 362
222 361
222 360
222 359
221 359
221 358
221 357
221 356
221 355
221 354
220 354
220 353
220 352
220 351
220 350
219 350
219 349
219 348
219 347
219 346
219 345
218 345
218 344
218 343
218 342
218 341
217 341
217 340
217 339
217 338
217 337
217 336
216 336
216 335
216 334
216 333
216 332
216 331
215 331
215 330
215 329
215 328
215 327
214 327
214 326
214 325
214 324
214 323
214 322
213 322
213 321
213 320
213 319
213 318
212 318
212 317
212 316
212 315
212 314
212 313
211 313
211 312
211 311
211 310
211 309
210 309
210 308
210 307
210 306
210 305
210 304
209 304
209 303
209 302
209 301
209 300
208 300
208 299
208 298
208 297
208 296
208 295
207 295
207 294
207 293
207 292
207 291
207 290
206 290
206 289
206 288
206 287
206 286
205 286
205 285
205 284
205 283
205 282
205 281
204 281
204 280
204 279
204 278
204 277
203 277
203 276
203 275
203 274
203 273
203 272
202 272
202 271
202 270
202 269
202 268
201 268
201 267
201 266
201 265
201 264
201 263
200 263
200 262
200 261
200 260
200 259
200 258
199 258
199 257
199 256
199 255
199 254
198 254
198 253
198 252
198 251
198 250
198 249
197 249
197 248
197 247
197 246
197 245
196 245
196 244
196 243
196 242
196 241
196 240
195 240
195 239
195 238
195 237
195 236
194 236
194 235
194 234
194 233
194 232
194 231
193 231
193 230
193 229
193 228
193 227
192 227
192 226
192 225
192 224
192 223
192 222
191 222
191 221
191 220
191 219
191 218
191 217
190 217
190 216
190 215
190 214
190 213
189 213
189 212
189 211
189 210
189 209
189 208
188 208
188 207
188 206
188 205
188 204
187 204
187 203
187 202
187 201
187 200
187 199
186 199
186 198
186 197
186 196
186 195
185 195
185 194
185 193
185 192
185 191
185 190
184 190
184 189
184 188
184 187
184 186
184 185
183 185
183 185
184 185
185 185
186 185
187 185
188 185
189 185
190 185
191 185
192 185
193 185
194 185
195 185
196 185
197 185
198 185
199 185
200 185
201 185
202 185
203 185
204 185
205 185
206 185
207 185
208 185
209 185
210 185
211 185
212 185
213 185
214 185
215 185
216 185
217 185
218 185
219 185
220 185
221 185
222 185
223 185
224 185
225 185
226 185
227 185
228 185
229 185
230 185
231 185
232 185
233 185
234 185
235 185
236 185
237 185
238 185
239 185
240 185
241 185
242 185
243 185
244 185
245 185
246 185
247 185
248 185
249 185
250 185
251 185
252 185
253 185
254 185
255 185
256 185
257 185
258 185
259 185
260 185
261 185
262 185
263 185
264 185
265 185
266 185
267 185
268 185
269 185
270 185
271 185
272 185
273 185
274 185
275 185
276 185
277 185
278 185
279 185
280 185
281 185
282 185
283 185
284 185
285 185
286 185
287 185
288 185
289 185
290 185
291 185
292 185
293 185
294 185
295 185
296 185
297 185
298 185
299 185
300 185
301 185
302 185
303 185
304 185
305 185
306 185
307 185
308 185
309 185
310 185
311 185
312 185
313 185
314 185
315 185
316 185
317 185
317 186
318 186
-1 -1
