pixel
list: 0
202 290
202 289
202 288
202 287
202 286
202 285
202 284
202 283
202 282
202 281
202 280
201 280
201 279
201 278
201 277
201 276
201 275
201 274
201 273
201 272
201 271
201 270
200 270
200 269
200 268
200 267
200 266
200 265
200 264
200 263
200 262
200 261
200 260
199 260
199 259
199 258
199 257
199 256
199 255
199 254
199 253
199 252
199 251
199 250
198 250
198 249
198 248
198 247
198 246
198 245
198 244
198 243
198 242
198 241
198 240
197 240
197 239
197 238
197 237
197 236
197 235
197 234
197 233
197 232
197 231
197 230
196 230
196 229
196 228
196 227
196 226
196 225
196 224
196 223
196 222
196 221
196 220
195 220
195 219
195 218
195 217
195 216
195 215
195 214
195 213
195 212
195 211
195 210
194 210
194 209
194 208
194 207
194 206
194 205
194 204
194 203
194 202
194 201
194 200
193 200
193 199
193 198
193 197
193 196
193 195
193 194
193 193
193 192
193 191
193 190
193 189
192 189
192 189
192 188
192 187
192 186
192 185
192 185
192 185
192 184
192 183
193 183
193 182
193 181
194 181
194 181
195 181
196 181
197 181
198 181
199 181
199 180
200 180
201 180
202 180
203 180
204 180
205 180
205 179
206 179
206 179
207 179
208 179
209 179
210 179
211 179
212 179
213 179
214 179
215 179
216 179
217 179
218 179
219 179
220 179
221 179
222 179
223 179
224 179
225 179
226 179
227 179
228 179
229 179
230 179
231 179
232 179
233 179
234 179
235 179
236 179
237 179
237 179
238 179
238 179
239 179
240 179
241 179
242 179
243 179
244 179
245 179
246 179
247 179
248 179
249 179
250 179
251 179
252 179
253 179
254 179
255 179
256 179
257 179
258 179
259 179
260 179
261 179
262 179
263 179
264 179
265 179
266 179
266 180
267 180
267 180
268 180
269 180
270 180
271 180
272 180
273 180
273 181
274 181
275 181
276 181
277 181
278 181
279 181
280 181
280 182
281 182
282 182
283 182
284 182
285 182
286 182
287 182
287 183
288 183
289 183
290 183
291 183
292 183
293 183
294 183
294 184
295 184
295 184
296 184
297 184
298 184
298 185
299 185
299 185
299 186
299 187
299 188
300 188
300 188
300 189
300 190
300 191
300 192
300 192
300 192
300 193
300 194
300 195
300 196
300 197
300 198
300 199
300 200
300 201
300 202
300 203
300 204
299 204
299 204
299 205
299 206
299 207
299 208
299 209
299 210
299 211
299 212
299 213
299 214
298 214
298 215
298 216
298 217
298 218
298 219
298 220
298 221
298 222
298 223
298 224
297 224
297 224
297 225
297 226
297 227
297 228
297 229
296 229
296 230
296 231
296 232
296 233
296 234
295 234
295 235
295 236
295 237
295 238
295 239
294 239
294 240
294 241
294 242
294 243
294 244
293 244
293 244
293 245
293 246
293 247
293 248
292 248
292 249
292 250
292 251
292 252
291 252
291 253
291 254
291 255
291 256
290 256
290 257
290 258
290 259
290 260
289 260
289 261
289 262
289 263
289 264
288 264
288 264
288 265
288 266
287 266
287 267
287 268
286 268
286 269
286 270
285 270
285 271
285 272
284 272
284 273
284 274
283 274
283 275
283 276
282 276
282 277
282 278
281 278
281 279
281 280
280 280
280 281
280 282
279 282
279 283
279 284
278 284
278 284
278 285
277 285
277 286
277 287
276 287
276 288
276 289
275 289
275 290
274 290
274 291
274 292
273 292
273 293
273 294
272 294
272 295
272 296
271 296
271 296
271 297
270 297
270 298
269 298
269 299
268 299
268 300
268 301
267 301
267 302
266 302
266 303
265 303
265 304
265 305
264 305
264 306
263 306
263 307
262 307
262 308
262 309
261 309
261 310
260 310
260 311
259 311
259 312
258 312
258 313
258 314
257 314
257 315
256 315
256 316
255 316
255 317
255 318
254 318
254 319
253 319
253 320
252 320
252 321
252 322
251 322
251 323
250 323
250 324
249 324
249 325
249 326
248 326
248 326
247 326
247 327
246 327
246 328
245 328
244 328
244 329
243 329
243 330
242 330
242 330
241 330
240 330
239 330
239 331
238 331
237 331
236 331
235 331
235 332
234 332
233 332
232 332
231 332
231 333
230 333
229 333
228 333
227 333
227 334
226 334
225 334
224 334
224 335
223 335
223 335
222 335
221 335
220 335
219 335
218 335
218 336
217 336
216 336
215 336
214 336
213 336
212 336
212 337
211 337
211 337
210 337
209 337
208 337
208 337
207 337
207 337
207 336
207 335
207 334
207 333
207 332
207 331
207 330
207 329
207 328
206 328
206 327
206 326
206 325
206 324
206 323
206 322
206 321
206 320
206 319
205 319
205 318
205 317
205 316
205 315
205 314
205 313
205 312
205 311
205 310
205 309
204 309
204 308
204 307
204 306
204 305
204 304
204 303
204 302
204 301
204 300
203 300
203 299
203 298
203 297
203 296
203 295
203 294
203 293
203 292
203 291
203 290
202 290
-1 -1
