pixel
list: 0
301 182
301 183
301 184
301 185
301 186
300 186
300 187
300 188
300 189
300 190
299 190
299 191
299 192
299 193
299 194
298 194
298 195
298 196
298 197
298 198
298 199
297 199
297 200
297 201
297 202
297 203
296 203
296 204
296 205
296 206
296 207
295 207
295 208
295 209
295 210
295 211
295 212
294 212
294 213
294 214
294 215
294 216
293 216
293 217
293 218
293 219
293 220
292 220
292 221
292 222
292 223
292 224
291 224
291 225
291 226
291 227
291 228
291 229
290 229
290 230
290 231
290 232
290 233
289 233
289 234
289 235
289 236
289 237
288 237
288 238
288 239
288 240
288 241
288 242
287 242
287 243
287 244
287 245
287 246
286 246
286 247
286 248
286 249
286 250
285 250
285 251
285 252
285 253
285 254
284 254
284 255
284 256
284 257
284 258
284 259
283 259
283 260
283 261
283 262
283 263
282 263
282 264
282 265
282 266
282 267
281 267
281 268
281 269
281 270
281 271
281 272
280 272
280 273
280 274
280 275
280 276
279 276
279 277
279 278
279 279
279 280
278 280
278 281
278 282
278 283
278 284
277 284
277 285
277 286
277 287
277 288
277 289
276 289
276 290
276 291
276 292
276 293
275 293
275 294
275 295
275 296
275 297
274 297
274 298
274 299
274 300
274 301
274 302
273 302
273 303
273 304
273 305
273 306
272 306
272 307
272 308
272 309
272 310
271 310
271 311
271 312
271 313
271 314
270 314
270 315
270 316
270 317
270 318
270 319
269 319
269 320
269 321
269 322
269 323
268 323
268 324
268 325
268 326
268 327
267 327
267 328
267 329
267 330
267 331
267 332
266 332
266 332
265 332
264 332
263 332
262 332
262 331
261 331
260 331
259 331
258 331
258 330
257 330
256 330
255 330
254 330
253 330
253 329
252 329
251 329
250 329
249 329
249 328
248 328
247 328
246 328
245 328
245 327
244 327
243 327
242 327
241 327
240 327
240 326
239 326
238 326
237 326
236 326
236 325
235 325
234 325
233 325
232 325
232 324
231 324
230 324
229 324
228 324
227 324
227 323
226 323
225 323
224 323
223 323
223 322
222 322
221 322
220 322
219 322
218 322
218 321
217 321
216 321
215 321
214 321
214 320
213 320
212 320
211 320
210 320
210 319
209 319
208 319
207 319
206 319
205 319
205 318
204 318
203 318
202 318
201 318
201 317
200 317
199 317
198 317
197 317
197 316
196 316
195 316
194 316
193 316
192 316
192 315
191 315
190 315
189 315
188 315
188 314
187 314
186 314
185 314
184 314
184 313
183 313
183 313
183 312
183 311
183 310
183 309
184 309
184 308
184 307
184 306
184 305
185 305
185 304
185 303
185 302
185 301
185 300
186 300
186 299
186 298
186 297
186 296
187 296
187 295
187 294
187 293
187 292
187 291
188 291
188 290
188 289
188 288
188 287
189 287
189 286
189 285
189 284
189 283
190 283
190 282
190 281
190 280
190 279
190 278
191 278
191 277
191 276
191 275
191 274
192 274
192 273
192 272
192 271
192 270
192 269
193 269
193 268
193 267
193 266
193 265
194 265
194 264
194 263
194 262
194 261
195 261
195 260
195 259
195 258
195 257
195 256
196 256
196 255
196 254
196 253
196 252
197 252
197 251
197 250
197 249
197 248
197 247
198 247
198 246
198 245
198 244
198 243
199 243
199 242
199 241
199 240
199 239
199 238
200 238
200 237
200 236
200 235
200 234
201 234
201 233
201 232
201 231
201 230
202 230
202 229
202 228
202 227
202 226
202 225
203 225
203 224
203 223
203 222
203 221
204 221
204 220
204 219
204 218
204 217
204 216
205 216
205 215
205 214
205 213
205 212
206 212
206 211
206 210
206 209
206 208
207 208
207 207
207 206
207 205
207 204
207 203
208 203
208 202
208 201
208 200
208 199
209 199
209 198
209 197
209 196
209 195
209 194
210 194
210 193
210 192
210 191
210 190
211 190
211 189
211 188
211 187
211 186
212 186
212 185
212 184
212 183
212 182
212 181
213 181
213 180
213 179
213 178
213 177
214 177
214 176
214 175
214 174
214 173
214 172
215 172
215 171
215 170
215 169
215 168
216 168
216 167
216 166
216 165
216 164
216 163
217 163
217 163
218 163
219 163
220 163
221 163
221 164
222 164
223 164
224 164
225 164
225 165
226 165
227 165
228 165
229 165
230 165
230 166
231 166
232 166
233 166
234 166
234 167
235 167
236 167
237 167
238 167
239 167
239 168
240 168
241 168
242 168
243 168
243 169
244 169
245 169
246 169
247 169
247 170
248 170
249 170
250 170
251 170
252 170
252 171
253 171
254 171
255 171
256 171
256 172
257 172
258 172
259 172
260 172
261 172
261 173
262 173
263 173
264 173
265 173
265 174
266 174
267 174
268 174
269 174
270 174
270 175
271 175
272 175
273 175
274 175
274 176
275 176
276 176
277 176
278 176
278 177
279 177
280 177
281 177
282 177
283 177
283 178
284 178
285 178
286 178
287 178
287 179
288 179
289 179
290 179
291 179
292 179
292 180
293 180
294 180
295 180
296 180
296 181
297 181
298 181
299 181
300 181
300 182
301 182
-1 -1
