pixel
list: 0
198 364
198 363
197 363
197 362
196 362
196 361
195 361
195 360
194 360
194 359
193 359
193 358
192 358
192 357
191 357
191 356
190 356
190 355
189 355
189 354
188 354
188 353
187 353
187 352
186 352
186 351
185 351
185 350
184 350
184 349
183 349
183 348
182 348
182 347
181 347
181 346
180 346
180 345
179 345
179 344
178 344
178 343
177 343
177 342
176 342
176 341
175 341
175 340
175 339
174 339
174 338
173 338
173 337
172 337
172 336
171 336
171 335
170 335
170 334
169 334
169 333
168 333
168 332
167 332
167 331
166 331
166 330
165 330
165 329
164 329
164 328
163 328
163 327
162 327
162 326
161 326
161 325
160 325
160 324
159 324
159 323
158 323
158 322
157 322
157 321
156 321
156 320
155 320
155 319
154 319
154 318
153 318
153 317
152 317
152 316
151 316
151 315
151 314
150 314
150 313
149 313
149 312
148 312
148 311
147 311
147 310
146 310
146 309
145 309
145 308
144 308
144 307
143 307
143 306
142 306
142 305
141 305
141 304
140 304
140 303
139 303
139 302
138 302
138 301
137 301
137 300
136 300
136 299
135 299
135 298
134 298
134 297
133 297
133 296
132 296
132 295
131 295
131 294
130 294
130 293
129 293
129 292
128 292
128 291
127 291
127 290
127 289
126 289
126 288
125 288
125 287
124 287
124 286
123 286
123 285
122 285
122 284
121 284
121 283
120 283
120 282
119 282
119 281
118 281
118 280
117 280
117 279
116 279
116 278
115 278
115 277
114 277
114 276
113 276
113 275
112 275
112 274
111 274
111 273
110 273
110 272
109 272
109 271
108 271
108 270
107 270
107 269
106 269
106 268
105 268
105 267
104 267
104 266
103 266
103 265
103 264
102 264
102 263
101 263
101 262
100 262
100 261
99 261
99 260
98 260
98 259
97 259
97 258
96 258
96 257
95 257
95 256
94 256
94 255
93 255
93 254
92 254
92 253
91 253
91 252
90 252
90 251
89 251
89 250
88 250
88 249
87 249
87 248
86 248
86 247
85 247
85 246
84 246
84 245
83 245
83 244
82 244
82 243
81 243
81 242
80 242
80 241
80 240
79 240
79 240
80 240
80 239
81 239
81 238
82 238
82 237
83 237
84 237
84 236
85 236
85 235
86 235
86 234
87 234
88 234
88 233
89 233
89 232
90 232
90 231
91 231
91 230
92 230
93 230
93 229
94 229
94 228
95 228
95 227
96 227
97 227
97 226
98 226
98 225
99 225
99 224
100 224
100 223
101 223
102 223
102 222
103 222
103 221
104 221
104 220
105 220
106 220
106 219
107 219
107 218
108 218
108 217
109 217
109 216
110 216
111 216
111 215
112 215
112 214
113 214
113 213
114 213
115 213
115 212
116 212
116 211
117 211
117 210
118 210
118 209
119 209
120 209
120 208
121 208
121 207
122 207
122 206
123 206
124 206
124 205
125 205
125 204
126 204
126 203
127 203
127 202
128 202
129 202
129 201
130 201
130 200
131 200
131 199
132 199
133 199
133 198
134 198
134 197
135 197
135 196
136 196
137 196
137 195
138 195
138 194
139 194
139 193
140 193
140 192
141 192
142 192
142 191
143 191
143 190
144 190
144 189
145 189
146 189
146 188
147 188
147 187
148 187
148 186
149 186
149 185
150 185
151 185
151 184
152 184
152 183
153 183
153 182
154 182
155 182
155 181
156 181
156 180
157 180
157 179
158 179
158 178
159 178
160 178
160 177
161 177
161 176
162 176
162 175
163 175
164 175
164 174
165 174
165 173
166 173
166 172
167 172
167 171
168 171
169 171
169 170
170 170
170 169
171 169
171 168
172 168
173 168
173 167
174 167
174 166
175 166
175 165
176 165
176 164
177 164
178 164
178 163
179 163
179 162
180 162
180 161
181 161
182 161
182 160
183 160
183 159
184 159
184 158
185 158
185 157
186 157
186 157
186 158
186 159
186 160
186 161
186 162
186 163
186 164
186 165
186 166
186 167
186 168
186 169
186 170
186 171
186 172
186 173
186 174
187 174
187 175
187 176
187 177
187 178
187 179
187 180
187 181
187 182
187 183
187 184
187 185
187 186
187 187
187 188
187 189
187 190
187 191
188 191
188 192
188 193
188 194
188 195
188 196
188 197
188 198
188 199
188 200
188 201
188 202
188 203
188 204
188 205
188 206
188 207
188 208
189 208
189 209
189 210
189 211
189 212
189 213
189 214
189 215
189 216
189 217
189 218
189 219
189 220
189 221
189 222
189 223
189 224
189 225
189 226
190 226
190 227
190 228
190 229
190 230
190 231
190 232
190 233
190 234
190 235
190 236
190 237
190 238
190 239
190 240
190 241
190 242
190 243
191 243
191 244
191 245
191 246
191 247
191 248
191 249
191 250
191 251
191 252
191 253
191 254
191 255
191 256
191 257
191 258
191 259
191 260
192 260
192 261
192 262
192 263
192 264
192 265
192 266
192 267
192 268
192 269
192 270
192 271
192 272
192 273
192 274
192 275
192 276
192 277
193 277
193 278
193 279
193 280
193 281
193 282
193 283
193 284
193 285
193 286
193 287
193 288
193 289
193 290
193 291
193 292
193 293
193 294
193 295
194 295
194 296
194 297
194 298
194 299
194 300
194 301
194 302
194 303
194 304
194 305
194 306
194 307
194 308
194 309
194 310
194 311
194 312
195 312
195 313
195 314
195 315
195 316
195 317
195 318
195 319
195 320
195 321
195 322
195 323
195 324
195 325
195 326
195 327
195 328
195 329
196 329
196 330
196 331
196 332
196 333
196 334
196 335
196 336
196 337
196 338
196 339
196 340
196 341
196 342
196 343
196 344
196 345
196 346
197 346
197 347
197 348
197 349
197 350
197 351
197 352
197 353
197 354
197 355
197 356
197 357
197 358
197 359
197 360
197 361
197 362
197 363
197 364
198 364
-1 -1
