pixel
list: 0
99 193
100 193
101 193
102 193
102 192
103 192
104 192
105 192
106 192
106 191
107 191
108 191
109 191
110 191
110 190
111 190
112 190
113 190
114 190
114 189
115 189
116 189
117 189
118 189
118 188
119 188
120 188
121 188
122 188
122 187
123 187
124 187
125 187
126 187
126 186
127 186
128 186
129 186
130 186
130 185
131 185
131 185
132 185
133 185
134 185
135 185
136 185
137 185
138 185
138 184
139 184
140 184
141 184
142 184
143 184
144 184
145 184
146 184
146 183
147 183
147 183
148 183
149 183
150 183
151 183
152 183
153 183
154 183
155 183
156 183
157 183
158 183
159 183
160 183
160 182
161 182
162 182
163 182
164 182
165 182
166 182
167 182
168 182
169 182
170 182
171 182
172 182
173 182
173 181
174 181
175 181
176 181
177 181
178 181
179 181
180 181
181 181
182 181
183 181
184 181
185 181
186 181
186 180
187 180
187 180
187 181
188 181
188 182
188 183
189 183
189 184
189 185
190 185
190 186
190 187
191 187
191 187
191 188
191 189
191 190
191 191
191 192
191 193
191 194
191 195
191 196
191 197
192 197
192 198
192 199
192 200
192 201
192 202
192 203
192 204
192 205
192 206
192 207
193 207
193 208
193 209
193 210
193 211
193 212
193 213
193 214
193 215
193 216
193 217
193 218
194 218
194 219
194 220
194 221
194 222
194 223
194 224
194 225
194 226
194 227
194 228
195 228
195 229
195 230
195 231
195 232
195 233
195 234
195 235
195 236
195 237
195 238
195 239
196 239
196 240
196 241
196 242
196 243
196 244
196 245
196 246
196 247
196 248
196 249
197 249
197 250
197 251
197 252
197 253
197 254
197 255
197 256
197 257
197 258
197 259
197 260
198 260
198 261
198 262
198 263
198 264
198 265
198 266
198 267
198 268
198 269
198 270
199 270
199 271
199 272
199 273
199 274
199 275
199 276
199 277
199 278
199 279
199 280
199 281
200 281
200 281
200 282
200 283
200 284
200 285
200 286
200 287
200 288
200 289
200 290
200 291
200 292
200 293
200 294
200 295
200 296
201 296
201 297
201 298
201 299
201 300
201 301
201 302
201 303
201 304
201 305
201 306
201 307
201 308
201 309
201 310
201 311
202 311
202 312
202 313
202 314
202 315
202 316
202 317
202 318
202 319
202 320
202 321
202 322
202 323
202 324
202 325
202 326
203 326
203 326
202 326
201 326
200 326
200 327
199 327
198 327
197 327
196 327
196 328
195 328
195 328
194 328
193 328
192 328
191 328
191 329
190 329
189 329
188 329
187 329
186 329
186 330
185 330
185 330
184 330
183 330
182 330
181 330
180 330
179 330
178 330
178 331
177 331
177 331
176 331
175 331
174 331
173 331
172 331
171 331
170 331
169 331
168 331
167 331
166 331
165 331
164 331
163 331
162 331
161 331
160 331
159 331
158 331
157 331
157 330
156 330
156 330
155 330
155 329
154 329
153 329
153 328
152 328
151 328
151 327
150 327
149 327
149 326
148 326
147 326
147 325
146 325
145 325
145 324
144 324
143 324
143 323
142 323
141 323
141 322
140 322
139 322
139 321
138 321
137 321
137 320
136 320
136 320
136 319
135 319
135 318
134 318
134 317
133 317
133 316
132 316
132 315
131 315
131 314
130 314
130 313
129 313
129 312
128 312
128 311
127 311
127 310
126 310
126 310
126 309
125 309
125 308
124 308
124 307
124 306
123 306
123 305
122 305
122 304
121 304
121 303
121 302
120 302
120 301
119 301
119 300
118 300
118 299
118 298
117 298
117 298
117 297
117 296
116 296
116 295
116 294
115 294
115 293
115 292
114 292
114 291
114 290
113 290
113 290
113 289
113 288
113 287
113 286
112 286
112 285
112 284
112 283
112 282
111 282
111 281
111 280
111 279
111 278
110 278
110 277
110 276
110 275
110 274
109 274
109 273
109 272
109 271
109 270
108 270
108 270
108 269
108 268
108 267
108 266
108 265
108 264
108 263
108 262
107 262
107 261
107 260
107 259
107 258
107 257
107 256
107 255
107 254
107 253
106 253
106 252
106 251
106 250
106 249
106 248
106 247
106 246
106 245
105 245
105 244
105 243
105 242
105 241
105 240
105 239
105 238
105 237
105 236
104 236
104 235
104 234
104 233
104 232
104 231
104 230
104 229
104 228
103 228
103 227
103 226
103 225
103 224
103 223
103 222
103 221
103 220
103 219
102 219
102 218
102 217
102 216
102 215
102 214
102 213
102 212
102 211
101 211
101 210
101 209
101 208
101 207
101 206
101 205
101 204
101 203
101 202
100 202
100 201
100 200
100 199
100 198
100 197
100 196
100 195
100 194
100 193
99 193
-1 -1
