pixel
list: 0
212 315
211 315
210 315
209 315
208 315
208 316
207 316
206 316
205 316
204 316
203 316
203 317
202 317
201 317
200 317
199 317
198 317
198 318
197 318
196 318
195 318
194 318
193 318
193 319
192 319
191 319
190 319
189 319
189 320
188 320
187 320
186 320
185 320
184 320
184 321
183 321
182 321
181 321
180 321
179 321
179 322
178 322
177 322
176 322
175 322
174 322
174 323
173 323
172 323
171 323
170 323
170 324
169 324
168 324
167 324
166 324
165 324
165 325
164 325
163 325
162 325
161 325
160 325
160 326
159 326
158 326
157 326
156 326
155 326
155 327
154 327
153 327
152 327
151 327
150 327
150 328
149 328
148 328
147 328
146 328
146 329
145 329
144 329
143 329
142 329
141 329
141 330
140 330
139 330
138 330
137 330
136 330
136 331
135 331
134 331
133 331
132 331
131 331
131 332
130 332
129 332
128 332
127 332
127 333
126 333
126 333
126 332
126 331
126 330
126 329
125 329
125 328
125 327
125 326
125 325
125 324
124 324
124 323
124 322
124 321
124 320
124 319
123 319
123 318
123 317
123 316
123 315
123 314
122 314
122 313
122 312
122 311
122 310
122 309
121 309
121 308
121 307
121 306
121 305
121 304
120 304
120 303
120 302
120 301
120 300
120 299
119 299
119 298
119 297
119 296
119 295
118 295
118 294
118 293
118 292
118 291
118 290
117 290
117 289
117 288
117 287
117 286
117 285
116 285
116 284
116 283
116 282
116 281
116 280
115 280
115 279
115 278
115 277
115 276
115 275
114 275
114 274
114 273
114 272
114 271
114 270
113 270
113 269
113 268
113 267
113 266
113 265
112 265
112 264
112 263
112 262
112 261
111 261
111 260
111 259
111 258
111 257
111 256
110 256
110 255
110 254
110 253
110 252
110 251
109 251
109 250
109 249
109 248
109 247
109 246
108 246
108 245
108 244
108 243
108 242
108 241
107 241
107 240
107 239
107 238
107 237
107 236
106 236
106 235
106 234
106 233
106 232
106 231
105 231
105 230
105 229
105 228
105 227
104 227
104 226
104 225
104 224
104 223
104 222
103 222
103 221
103 220
103 219
103 218
103 217
102 217
102 216
102 215
102 214
102 213
102 212
101 212
101 211
101 210
101 209
101 208
101 207
100 207
100 206
100 205
100 204
100 203
100 202
99 202
99 201
99 200
99 199
99 198
99 197
98 197
98 196
98 195
98 194
98 193
98 192
97 192
97 192
98 192
99 192
100 192
101 192
101 191
102 191
103 191
104 191
105 191
106 191
106 190
107 190
108 190
109 190
110 190
111 190
111 189
112 189
113 189
114 189
115 189
116 189
116 188
117 188
118 188
119 188
120 188
120 187
121 187
122 187
123 187
124 187
125 187
125 186
126 186
127 186
128 186
129 186
130 186
130 185
131 185
132 185
133 185
134 185
135 185
135 184
136 184
137 184
138 184
139 184
139 183
140 183
141 183
142 183
143 183
144 183
144 182
145 182
146 182
147 182
148 182
149 182
149 181
150 181
151 181
152 181
153 181
154 181
154 180
155 180
156 180
157 180
158 180
159 180
159 179
160 179
161 179
162 179
163 179
163 178
164 178
165 178
166 178
167 178
168 178
168 177
169 177
170 177
171 177
172 177
173 177
173 176
174 176
175 176
176 176
177 176
178 176
178 175
179 175
180 175
181 175
182 175
182 174
183 174
183 174
183 175
183 176
183 177
183 178
184 178
184 179
184 180
184 181
184 182
184 183
185 183
185 184
185 185
185 186
185 187
185 188
186 188
186 189
186 190
186 191
186 192
186 193
187 193
187 194
187 195
187 196
187 197
187 198
188 198
188 199
188 200
188 201
188 202
188 203
189 203
189 204
189 205
189 206
189 207
189 208
190 208
190 209
190 210
190 211
190 212
191 212
191 213
191 214
191 215
191 216
191 217
192 217
192 218
192 219
192 220
192 221
192 222
193 222
193 223
193 224
193 225
193 226
193 227
194 227
194 228
194 229
194 230
194 231
194 232
195 232
195 233
195 234
195 235
195 236
195 237
196 237
196 238
196 239
196 240
196 241
196 242
197 242
197 243
197 244
197 245
197 246
198 246
198 247
198 248
198 249
198 250
198 251
199 251
199 252
199 253
199 254
199 255
199 256
200 256
200 257
200 258
200 259
200 260
200 261
201 261
201 262
201 263
201 264
201 265
201 266
202 266
202 267
202 268
202 269
202 270
202 271
203 271
203 272
203 273
203 274
203 275
203 276
204 276
204 277
204 278
204 279
204 280
205 280
205 281
205 282
205 283
205 284
205 285
206 285
206 286
206 287
206 288
206 289
206 290
207 290
207 291
207 292
207 293
207 294
207 295
208 295
208 296
208 297
208 298
208 299
208 300
209 300
209 301
209 302
209 303
209 304
209 305
210 305
210 306
210 307
210 308
210 309
210 310
211 310
211 311
211 312
211 313
211 314
211 315
212 315
-1 -1
