pixel
list: 194
100 194
100 194
100 194
100 193
100 193
100 193
100 193
100 193
100 193
100 192
100 192
100 192
100 191
100 191
100 191
100 191
101 191
101 191
101 190
101 190
101 190
101 190
101 190
101 190
101 189
101 189
101 189
101 189
102 189
102 189
102 188
102 188
102 188
102 188
102 188
102 188
102 188
103 188
103 188
103 188
103 188
103 188
103 187
104 187
104 187
104 187
105 187
105 187
105 187
106 187
106 187
107 187
107 187
108 187
108 187
109 187
109 186
110 186
110 186
111 186
112 186
113 186
114 186
115 186
116 186
117 186
118 186
119 186
120 186
121 186
121 185
122 185
123 185
124 185
125 185
126 185
127 185
128 185
129 185
130 185
131 185
132 185
132 184
133 184
134 184
135 184
136 184
137 184
138 184
139 184
140 184
141 184
142 184
143 184
143 183
144 183
145 183
146 183
147 183
148 183
149 183
150 183
151 183
152 183
153 183
154 183
154 182
155 182
156 182
157 182
158 182
159 182
160 182
161 182
162 182
163 182
164 182
165 182
165 181
166 181
166 181
167 181
168 181
169 181
170 181
171 181
172 181
173 181
174 181
175 181
176 181
177 181
177 180
178 180
178 180
179 180
180 180
180 179
181 179
181 179
181 179
182 179
182 179
182 179
183 179
183 179
183 179
184 179
184 179
184 179
185 179
185 179
185 180
186 180
186 180
186 180
186 180
186 180
186 180
187 180
187 180
187 180
187 180
187 180
187 181
187 181
187 181
187 181
188 181
188 181
188 181
188 181
188 181
188 182
188 182
188 182
188 182
189 182
189 182
189 183
189 183
189 183
189 184
189 184
189 184
189 184
189 184
189 184
189 185
189 185
189 185
189 186
189 187
190 187
190 187
190 188
190 188
190 188
190 189
190 190
190 190
190 190
190 191
190 192
190 192
190 192
190 193
190 194
190 195
190 196
191 196
191 196
191 197
191 198
191 199
191 200
191 201
191 202
191 203
191 204
191 205
191 206
192 206
192 207
192 208
192 209
192 210
192 211
192 212
192 213
192 214
192 215
192 216
193 216
193 217
193 218
193 219
193 220
193 221
193 222
193 223
193 224
193 225
193 226
194 226
194 227
194 228
194 229
194 230
194 231
194 232
194 233
194 234
194 235
194 236
195 236
195 237
195 238
195 239
195 240
195 241
195 242
195 243
195 244
195 245
195 246
196 246
196 247
196 248
196 249
196 250
196 251
196 252
196 253
196 254
196 255
196 256
197 256
197 257
197 258
197 259
197 260
197 261
197 262
197 263
197 264
197 265
197 266
198 266
198 267
198 268
198 269
198 270
198 271
198 272
198 273
198 274
198 275
198 276
199 276
199 277
199 278
199 279
199 280
199 281
199 282
199 283
199 284
199 285
199 286
199 287
200 287
200 287
200 288
200 289
200 290
200 291
200 292
200 293
200 294
200 295
200 296
200 297
201 297
201 298
201 299
201 300
201 301
201 302
201 303
201 304
201 305
201 306
201 307
201 308
202 308
202 308
202 309
202 310
202 311
202 312
203 312
203 312
203 313
203 314
203 314
203 314
203 315
203 316
203 316
203 316
203 317
203 317
203 317
203 318
203 319
203 319
203 319
203 320
203 320
203 320
203 320
203 320
203 320
203 321
203 321
203 321
203 322
203 322
203 322
203 322
202 322
202 322
202 323
202 323
202 323
202 323
202 323
202 323
202 324
202 324
202 324
202 324
201 324
201 324
201 325
201 325
201 325
201 325
201 325
201 325
201 325
200 325
200 325
200 325
200 325
200 325
200 326
199 326
199 326
199 326
198 326
198 326
198 326
197 326
197 326
196 326
196 326
195 326
195 326
194 326
194 327
193 327
193 327
192 327
191 327
190 327
189 327
188 327
187 327
186 327
185 327
184 327
183 327
182 327
182 328
181 328
180 328
179 328
178 328
177 328
176 328
175 328
174 328
173 328
172 328
171 328
171 329
170 329
169 329
168 329
167 329
166 329
165 329
164 329
163 329
162 329
161 329
160 329
160 330
159 330
158 330
157 330
156 330
155 330
154 330
153 330
152 330
151 330
150 330
149 330
149 331
148 331
147 331
146 331
145 331
144 331
143 331
142 331
141 331
140 331
139 331
138 331
138 332
137 332
137 332
136 332
135 332
134 332
133 332
132 332
131 332
130 332
129 332
128 332
127 332
126 332
126 333
125 333
125 333
124 333
123 333
123 334
122 334
122 334
122 334
121 334
121 334
121 334
120 334
120 334
120 334
119 334
119 334
119 334
118 334
118 334
118 333
117 333
117 333
117 333
117 333
117 333
117 333
116 333
116 333
116 333
116 333
116 333
116 332
116 332
116 332
116 332
115 332
115 332
115 332
115 332
115 332
115 331
115 331
115 331
115 331
114 331
114 331
114 330
114 330
114 330
114 329
114 329
114 329
114 329
114 329
114 329
114 328
114 328
114 328
114 327
114 326
113 326
113 326
113 325
113 325
113 325
113 324
113 323
113 323
113 323
113 322
113 321
113 321
113 321
113 320
113 319
113 318
113 317
112 317
112 317
112 316
112 315
112 314
112 313
112 312
112 311
112 310
112 309
112 308
112 307
111 307
111 306
111 305
111 304
111 303
111 302
111 301
111 300
111 299
111 298
111 297
110 297
110 296
110 295
110 294
110 293
110 292
110 291
110 290
110 289
110 288
110 287
109 287
109 286
109 285
109 284
109 283
109 282
109 281
109 280
109 279
109 278
109 277
108 277
108 276
108 275
108 274
108 273
108 272
108 271
108 270
108 269
108 268
108 267
107 267
107 266
107 265
107 264
107 263
107 262
107 261
107 260
107 259
107 258
107 257
106 257
106 256
106 255
106 254
106 253
106 252
106 251
106 250
106 249
106 248
106 247
105 247
105 246
105 245
105 244
105 243
105 242
105 241
105 240
105 239
105 238
105 237
104 237
104 236
104 235
104 234
104 233
104 232
104 231
104 230
104 229
104 228
104 227
104 226
103 226
103 226
103 225
103 224
103 223
103 222
103 221
103 220
103 219
103 218
103 217
103 216
102 216
102 215
102 214
102 213
102 212
102 211
102 210
102 209
102 208
102 207
102 206
102 205
101 205
101 205
101 204
101 203
101 202
101 201
100 201
100 201
100 200
100 199
100 199
100 199
100 198
100 197
100 197
100 197
100 196
100 196
-1 -1
list: -1
-1 -1
