pixel
list: 0
303 220
304 220
305 220
305 219
306 219
307 219
308 219
308 218
309 218
310 218
311 218
311 217
312 217
313 217
313 216
314 216
315 216
316 216
316 215
317 215
318 215
319 215
319 214
320 214
321 214
321 213
322 213
323 213
324 213
324 212
325 212
326 212
327 212
327 211
328 211
329 211
330 211
330 210
331 210
332 210
332 209
333 209
334 209
335 209
335 208
336 208
337 208
338 208
338 207
339 207
340 207
340 206
341 206
342 206
343 206
343 205
344 205
345 205
346 205
346 204
347 204
348 204
349 204
349 203
350 203
351 203
351 202
352 202
353 202
354 202
354 201
355 201
356 201
357 201
357 200
358 200
359 200
359 199
360 199
361 199
362 199
362 198
363 198
364 198
365 198
365 197
366 197
367 197
368 197
368 196
369 196
370 196
370 195
371 195
372 195
373 195
373 194
374 194
375 194
376 194
376 193
377 193
378 193
378 192
379 192
379 192
380 192
380 193
381 193
381 194
382 194
382 194
382 195
382 196
382 197
382 198
382 199
383 199
383 200
383 201
383 202
383 203
383 204
383 205
384 205
384 206
384 207
384 208
384 209
384 210
385 210
385 211
385 212
385 213
385 214
385 215
385 216
386 216
386 217
386 218
386 219
386 220
386 221
387 221
387 222
387 223
387 224
387 225
387 226
387 227
388 227
388 228
388 229
388 230
388 231
388 232
389 232
389 233
389 234
389 235
389 236
389 237
389 238
390 238
390 238
390 239
390 240
390 241
390 242
390 243
390 244
390 245
390 246
390 247
390 248
390 249
390 250
390 251
390 252
390 253
390 254
391 254
391 255
391 256
391 257
391 258
391 259
391 260
391 261
391 262
391 263
391 264
391 265
391 266
391 267
391 268
391 269
391 270
392 270
392 270
392 271
392 272
392 273
392 274
392 275
392 276
392 277
392 278
392 279
392 280
392 281
392 282
392 282
392 282
392 283
392 284
392 285
392 286
392 287
392 288
392 289
392 290
392 291
392 292
391 292
391 293
391 294
391 295
391 296
391 297
391 298
391 299
391 300
391 301
391 302
390 302
390 302
390 303
390 304
390 305
390 306
389 306
389 307
389 308
389 309
389 310
388 310
388 310
388 311
388 312
387 312
387 313
387 314
386 314
386 315
386 316
385 316
385 317
385 318
384 318
384 319
384 320
383 320
383 321
383 322
382 322
382 322
382 323
381 323
381 324
380 324
380 325
380 326
379 326
379 326
379 327
378 327
378 328
377 328
377 329
376 329
376 329
375 329
374 329
373 329
373 330
372 330
371 330
370 330
369 330
369 331
368 331
368 331
367 331
366 331
365 331
364 331
363 331
362 331
361 331
360 331
359 331
358 331
357 331
356 331
355 331
354 331
353 331
352 331
351 331
350 331
349 331
348 331
347 331
346 331
345 331
345 332
344 332
344 332
343 332
342 332
341 332
340 332
339 332
338 332
337 332
336 332
335 332
334 332
333 332
332 332
331 332
330 332
329 332
328 332
327 332
326 332
325 332
325 332
324 332
324 332
324 331
324 330
324 329
324 328
323 328
323 327
323 326
323 325
323 324
322 324
322 323
322 322
322 321
322 320
321 320
321 319
321 318
321 317
321 316
321 315
320 315
320 314
320 313
320 312
320 311
319 311
319 310
319 309
319 308
319 307
318 307
318 306
318 305
318 304
318 303
318 302
317 302
317 301
317 300
317 299
317 298
316 298
316 297
316 296
316 295
316 294
315 294
315 293
315 292
315 291
315 290
315 289
314 289
314 288
314 287
314 286
314 285
313 285
313 284
313 283
313 282
313 281
312 281
312 280
312 279
312 278
312 277
312 276
311 276
311 276
311 275
311 274
311 273
311 272
311 271
311 270
310 270
310 269
310 268
310 267
310 266
310 265
310 264
310 263
309 263
309 262
309 261
309 260
309 259
309 258
309 257
309 256
308 256
308 255
308 254
308 253
308 252
308 251
308 250
308 249
307 249
307 248
307 247
307 246
307 245
307 244
307 243
307 242
306 242
306 241
306 240
306 239
306 238
306 237
306 236
306 235
305 235
305 234
305 233
305 232
305 231
305 230
305 229
305 228
304 228
304 228
304 227
304 226
304 225
304 224
304 223
304 222
304 221
304 220
303 220
-1 -1
