pixel
list: 221
304 221
304 221
304 221
304 220
304 219
304 219
304 219
304 218
304 218
304 218
304 217
304 217
304 217
304 216
304 215
305 215
305 215
305 214
305 214
305 214
305 213
305 213
305 213
305 212
306 212
306 212
306 212
306 212
306 212
306 211
307 211
307 211
307 210
308 210
308 210
308 209
309 209
309 209
309 209
310 209
310 209
310 208
311 208
311 208
311 208
312 208
312 208
313 208
313 207
314 207
314 207
315 207
315 207
316 207
316 207
317 207
318 207
318 206
319 206
319 206
320 206
321 206
322 206
323 206
323 206
324 206
324 206
325 206
326 206
327 206
328 206
329 206
330 206
331 206
331 205
332 205
333 205
334 205
335 205
336 205
337 205
338 205
338 204
339 204
340 204
341 204
342 204
343 204
344 204
345 204
345 203
346 203
347 203
348 203
349 203
350 203
351 203
352 203
352 202
353 202
354 202
355 202
356 202
357 202
358 202
359 202
359 201
360 201
360 201
361 201
362 201
363 201
364 201
364 200
365 200
365 200
366 200
367 200
367 200
368 200
368 200
369 200
370 200
370 200
371 200
371 200
371 200
372 200
372 200
373 200
373 200
374 200
374 200
374 200
375 200
375 200
375 201
376 201
376 201
376 201
377 201
377 201
377 202
378 202
378 202
378 202
379 202
379 202
379 203
380 203
380 203
380 203
380 203
380 203
380 204
381 204
381 204
381 205
382 205
382 205
382 206
382 206
382 206
382 207
382 208
383 208
383 208
383 209
383 209
383 209
383 210
383 211
384 211
384 211
384 212
384 212
384 212
384 213
384 214
385 214
385 214
385 215
385 216
385 217
385 217
385 217
385 218
385 219
385 220
386 220
386 220
386 221
386 222
386 223
386 224
386 225
386 225
386 225
386 226
386 227
386 228
386 229
386 230
386 231
386 232
386 233
387 233
387 233
387 234
387 235
387 236
387 237
387 238
387 239
387 240
388 240
388 241
388 242
388 243
388 244
388 245
388 246
388 247
389 247
389 248
389 249
389 250
389 251
389 252
389 253
389 254
390 254
390 255
390 256
390 257
390 258
390 259
390 260
390 261
391 261
391 262
391 263
391 264
391 265
391 266
391 267
391 268
392 268
392 269
392 270
392 271
392 272
392 273
392 274
392 275
393 275
393 276
393 277
393 278
393 279
393 280
393 281
393 282
394 282
394 283
394 284
394 285
394 286
394 287
394 288
394 289
395 289
395 289
395 290
395 291
395 292
395 293
395 294
395 295
395 296
395 297
396 297
396 297
396 298
396 299
396 300
396 301
396 302
396 302
396 302
396 303
396 304
396 305
397 305
397 305
397 306
397 307
397 308
397 308
397 308
397 309
397 310
397 310
397 310
397 311
397 312
397 312
397 312
397 313
397 314
397 314
397 314
397 315
397 315
397 315
397 316
397 316
397 316
397 317
397 318
396 318
396 318
396 319
396 319
396 319
396 320
396 320
396 320
396 321
395 321
395 321
395 321
395 321
395 321
395 322
394 322
394 322
394 323
393 323
393 323
393 324
392 324
392 324
392 324
391 324
391 324
391 325
390 325
390 325
390 325
389 325
389 325
388 325
388 326
387 326
387 326
386 326
386 326
385 326
385 326
384 326
383 326
383 327
382 327
382 327
381 327
380 327
379 327
378 327
378 327
377 327
377 327
376 327
375 327
374 327
373 327
372 327
371 327
370 327
370 328
369 328
368 328
367 328
366 328
365 328
364 328
363 328
363 329
362 329
361 329
360 329
359 329
358 329
357 329
356 329
356 330
355 330
354 330
353 330
352 330
351 330
350 330
349 330
349 331
348 331
347 331
346 331
345 331
344 331
343 331
342 331
342 332
341 332
341 332
340 332
339 332
338 332
337 332
337 333
336 333
336 333
335 333
334 333
334 333
333 333
333 333
332 333
331 333
331 333
330 333
330 333
330 333
329 333
329 333
328 333
328 333
327 333
327 333
327 333
326 333
326 333
326 332
325 332
325 332
325 332
324 332
324 332
324 331
323 331
323 331
323 331
322 331
322 331
322 330
321 330
321 330
321 330
321 330
321 330
321 329
320 329
320 329
320 328
319 328
319 328
319 327
319 327
319 327
319 326
319 325
318 325
318 325
318 324
318 324
318 324
318 323
318 322
317 322
317 322
317 321
317 321
317 321
317 320
317 319
316 319
316 319
316 318
316 317
316 316
316 316
316 316
316 315
316 314
316 313
315 313
315 313
315 312
315 311
315 310
315 309
315 308
315 308
315 308
315 307
315 306
315 305
315 304
315 303
315 302
315 301
315 300
314 300
314 300
314 299
314 298
314 297
314 296
314 295
314 294
314 293
313 293
313 292
313 291
313 290
313 289
313 288
313 287
313 286
312 286
312 285
312 284
312 283
312 282
312 281
312 280
312 279
311 279
311 278
311 277
311 276
311 275
311 274
311 273
311 272
310 272
310 271
310 270
310 269
310 268
310 267
310 266
310 265
309 265
309 264
309 263
309 262
309 261
309 260
309 259
309 258
308 258
308 257
308 256
308 255
308 254
308 253
308 252
308 251
307 251
307 250
307 249
307 248
307 247
307 246
307 245
307 244
306 244
306 244
306 243
306 242
306 241
306 240
306 239
306 238
306 237
306 236
305 236
305 236
305 235
305 234
305 233
305 232
305 231
305 231
305 231
305 230
305 229
305 228
304 228
304 228
304 227
304 226
304 225
304 225
304 225
304 224
304 223
304 223
-1 -1
list: -1
-1 -1
