pixel
list: 0
398 191
398 192
398 193
398 194
398 195
398 196
397 196
397 197
397 198
397 199
397 200
397 201
397 202
396 202
396 203
396 204
396 205
396 206
396 207
396 208
395 208
395 209
395 210
395 211
395 212
395 213
395 214
394 214
394 215
394 216
394 217
394 218
394 219
394 220
393 220
393 221
393 222
393 223
393 224
393 225
393 226
392 226
392 227
392 228
392 229
392 230
392 231
392 232
391 232
391 233
391 234
391 235
391 236
391 237
390 237
390 238
390 239
390 240
390 241
390 242
390 243
389 243
389 244
389 245
389 246
389 247
389 248
389 249
388 249
388 250
388 251
388 252
388 253
388 254
388 255
387 255
387 256
387 257
387 258
387 259
387 260
387 261
386 261
386 262
386 263
386 264
386 265
386 266
386 267
385 267
385 268
385 269
385 270
385 271
385 272
385 273
384 273
384 274
384 275
384 276
384 277
384 278
384 279
383 279
383 280
383 281
383 282
383 283
383 284
382 284
382 285
382 286
382 287
382 288
382 289
382 290
381 290
381 291
381 292
381 293
381 294
381 295
381 296
380 296
380 297
380 298
380 299
380 300
380 301
380 302
379 302
379 303
379 304
379 305
379 306
379 307
379 308
378 308
378 309
378 310
378 311
378 312
378 313
378 314
377 314
377 315
377 316
377 317
377 318
377 319
377 320
376 320
376 321
376 322
376 323
376 324
376 325
375 325
375 326
375 327
375 328
375 329
375 330
375 331
374 331
374 332
374 333
374 334
374 335
374 336
374 337
373 337
373 338
373 339
373 340
373 341
373 342
373 343
372 343
372 344
372 345
372 346
372 347
372 348
372 349
371 349
371 350
371 351
371 352
371 353
371 354
371 355
370 355
370 356
370 357
370 358
370 359
370 360
370 361
369 361
369 362
369 363
369 364
369 365
369 366
369 367
368 367
368 367
368 366
367 366
367 365
367 364
366 364
366 363
365 363
365 362
365 361
364 361
364 360
364 359
363 359
363 358
362 358
362 357
362 356
361 356
361 355
360 355
360 354
360 353
359 353
359 352
359 351
358 351
358 350
357 350
357 349
357 348
356 348
356 347
355 347
355 346
355 345
354 345
354 344
354 343
353 343
353 342
352 342
352 341
352 340
351 340
351 339
351 338
350 338
350 337
349 337
349 336
349 335
348 335
348 334
347 334
347 333
347 332
346 332
346 331
346 330
345 330
345 329
344 329
344 328
344 327
343 327
343 326
342 326
342 325
342 324
341 324
341 323
341 322
340 322
340 321
339 321
339 320
339 319
338 319
338 318
337 318
337 317
337 316
336 316
336 315
336 314
335 314
335 313
334 313
334 312
334 311
333 311
333 310
333 309
332 309
332 308
331 308
331 307
331 306
330 306
330 305
329 305
329 304
329 303
328 303
328 302
328 301
327 301
327 300
326 300
326 299
326 298
325 298
325 297
324 297
324 296
324 295
323 295
323 294
323 293
322 293
322 292
321 292
321 291
321 290
320 290
320 289
320 288
319 288
319 287
318 287
318 286
318 285
317 285
317 284
316 284
316 283
316 282
315 282
315 281
315 280
314 280
314 279
313 279
313 278
313 277
312 277
312 276
311 276
311 275
311 274
310 274
310 273
310 272
309 272
309 271
308 271
308 270
308 269
307 269
307 268
306 268
306 267
306 266
305 266
305 265
305 264
304 264
304 263
303 263
303 262
303 261
302 261
302 260
302 259
301 259
301 258
300 258
300 257
300 256
299 256
299 255
298 255
298 254
298 253
297 253
297 252
297 251
296 251
296 250
295 250
295 249
295 248
294 248
294 247
293 247
293 246
293 245
292 245
292 244
292 243
291 243
291 242
290 242
290 241
290 240
289 240
289 239
289 238
288 238
288 238
289 238
290 238
290 237
291 237
292 237
292 236
293 236
294 236
295 236
295 235
296 235
297 235
297 234
298 234
299 234
299 233
300 233
301 233
302 233
302 232
303 232
304 232
304 231
305 231
306 231
306 230
307 230
308 230
309 230
309 229
310 229
311 229
311 228
312 228
313 228
313 227
314 227
315 227
316 227
316 226
317 226
318 226
318 225
319 225
320 225
320 224
321 224
322 224
323 224
323 223
324 223
325 223
325 222
326 222
327 222
327 221
328 221
329 221
330 221
330 220
331 220
332 220
332 219
333 219
334 219
334 218
335 218
336 218
337 218
337 217
338 217
339 217
339 216
340 216
341 216
341 215
342 215
343 215
344 215
344 214
345 214
346 214
346 213
347 213
348 213
348 212
349 212
350 212
351 212
351 211
352 211
353 211
353 210
354 210
355 210
355 209
356 209
357 209
358 209
358 208
359 208
360 208
360 207
361 207
362 207
362 206
363 206
364 206
365 206
365 205
366 205
367 205
367 204
368 204
369 204
369 203
370 203
371 203
372 203
372 202
373 202
374 202
374 201
375 201
376 201
376 200
377 200
378 200
379 200
379 199
380 199
381 199
381 198
382 198
383 198
383 197
384 197
385 197
386 197
386 196
387 196
388 196
388 195
389 195
390 195
390 194
391 194
392 194
393 194
393 193
394 193
395 193
395 192
396 192
397 192
397 191
398 191
-1 -1
