pixel
list: 0
391 327
390 327
389 327
388 327
387 327
386 327
385 327
384 327
383 327
382 327
381 327
380 327
379 327
378 327
377 327
376 327
375 327
374 327
373 327
372 327
371 327
370 327
369 327
368 327
367 327
366 327
365 327
364 327
363 327
362 327
361 327
360 327
359 327
358 327
357 327
356 327
355 327
354 327
353 327
352 327
351 327
350 327
349 327
348 327
347 327
346 327
345 327
344 327
343 327
342 327
341 327
340 327
339 327
338 327
337 327
336 327
335 327
334 327
333 327
332 327
331 327
330 327
329 327
328 327
327 327
326 327
325 327
324 327
323 327
322 327
321 327
320 327
319 327
318 327
317 327
316 327
315 327
314 327
313 327
313 328
312 328
312 328
312 327
312 326
312 325
312 324
312 323
312 322
312 321
312 320
312 319
312 318
312 317
312 316
312 315
312 314
312 313
312 312
312 311
312 310
312 309
312 308
312 307
312 306
312 305
312 304
312 303
312 302
312 301
312 300
312 299
312 298
312 297
312 296
312 295
312 294
312 293
312 292
312 291
312 290
312 289
312 288
312 287
312 286
312 285
312 284
312 283
312 282
312 281
312 280
312 279
312 278
312 277
312 276
312 275
312 274
312 273
312 272
312 271
312 270
312 269
312 268
312 267
312 266
312 265
312 264
312 263
312 262
312 261
312 260
312 259
312 258
312 257
312 256
312 255
312 254
312 253
312 252
312 251
312 250
312 249
312 248
312 247
312 246
312 245
312 244
312 243
312 242
312 241
312 240
312 239
312 238
312 237
312 236
312 235
312 234
312 233
312 232
312 231
312 230
312 229
312 228
312 227
312 226
312 225
312 224
312 223
312 222
312 221
312 220
312 219
312 218
312 217
312 216
312 215
312 214
312 213
312 212
312 211
312 210
312 209
312 208
312 207
312 206
312 205
312 204
312 203
312 203
312 203
313 203
314 203
315 203
316 203
317 203
318 203
319 203
320 203
321 203
322 203
323 203
324 203
325 203
326 203
327 203
328 203
329 203
330 203
331 203
332 203
333 203
334 203
335 203
336 203
337 203
338 203
339 203
340 203
341 203
342 203
343 203
344 203
345 203
346 203
347 203
348 203
349 203
350 203
351 203
352 203
353 203
354 203
355 203
356 203
357 203
358 203
359 203
360 203
361 203
362 203
363 203
364 203
365 203
366 203
367 203
368 203
369 203
370 203
371 203
372 203
373 203
374 203
375 203
376 203
377 203
378 203
379 203
380 203
381 203
382 203
383 203
384 203
385 203
386 203
387 203
388 203
389 203
389 203
390 203
390 203
390 204
390 205
390 206
390 207
390 208
390 209
390 210
390 211
390 212
390 213
390 214
390 215
390 216
390 217
390 218
390 219
390 220
390 221
390 222
390 223
390 224
390 225
390 226
390 227
390 228
390 229
390 230
390 231
390 232
390 233
390 234
390 235
390 236
390 237
390 238
390 239
390 240
390 241
390 242
390 243
390 244
390 245
390 246
390 247
390 248
390 249
390 250
390 251
390 252
390 253
390 254
390 255
390 256
390 257
390 258
390 259
390 260
390 261
390 262
390 263
390 264
390 265
390 266
390 267
390 268
390 269
390 270
390 271
390 272
390 273
390 274
390 275
390 276
390 277
390 278
390 279
390 280
390 281
390 282
390 283
390 284
390 285
390 286
390 287
390 288
390 289
390 290
390 291
390 292
390 293
390 294
390 295
390 296
390 297
390 298
390 299
390 300
390 301
390 302
390 303
390 304
390 305
390 306
390 307
390 308
390 309
390 310
390 311
390 312
390 313
390 314
390 315
390 316
390 317
390 318
390 319
390 320
390 321
390 322
390 323
390 324
390 325
390 326
390 327
391 327
-1 -1
