pixel
list: 0
1 195
2 195
3 195
4 195
5 195
6 195
7 195
8 195
9 195
10 195
11 195
11 196
12 196
13 196
14 196
15 196
16 196
17 196
18 196
19 196
20 196
21 196
22 196
22 197
23 197
24 197
25 197
26 197
27 197
28 197
29 197
30 197
31 197
32 197
33 197
33 198
34 198
35 198
36 198
37 198
38 198
39 198
40 198
41 198
42 198
43 198
44 198
44 199
45 199
45 199
46 199
47 199
47 200
48 200
49 200
49 201
50 201
50 201
50 202
50 203
50 204
50 205
50 206
50 207
50 208
50 209
50 210
49 210
49 211
49 212
49 213
49 214
49 215
49 216
49 217
49 218
49 219
49 220
48 220
48 221
48 222
48 223
48 224
48 225
48 226
48 227
48 228
48 229
48 230
47 230
47 231
47 232
47 233
47 234
47 235
47 236
47 237
47 238
47 239
47 240
46 240
46 241
46 242
46 243
46 244
46 245
46 246
46 247
46 248
46 249
46 250
45 250
45 251
45 252
45 253
45 254
45 255
45 256
45 257
45 258
45 259
45 260
44 260
44 261
44 262
44 263
44 264
44 265
44 266
44 267
44 268
44 269
43 269
43 270
43 271
43 272
43 273
43 274
43 275
43 276
43 277
43 278
43 279
42 279
42 280
42 281
42 282
42 283
42 284
42 285
42 286
42 287
42 288
42 289
41 289
41 290
41 291
41 292
41 293
41 294
41 295
41 296
41 297
41 298
41 299
40 299
40 300
40 301
40 302
40 303
40 304
40 305
40 306
40 307
40 308
40 309
39 309
39 310
39 311
39 312
39 313
39 314
39 315
39 316
39 317
39 318
39 319
38 319
38 319
37 319
36 319
36 320
35 320
34 320
34 321
33 321
32 321
31 321
31 322
30 322
29 322
29 323
28 323
27 323
27 324
26 324
25 324
24 324
24 325
23 325
22 325
22 326
21 326
20 326
19 326
19 327
18 327
17 327
17 328
16 328
15 328
15 329
14 329
13 329
12 329
12 330
11 330
10 330
10 331
9 331
8 331
7 331
7 332
6 332
5 332
5 333
4 333
3 333
3 334
2 334
2 334
2 333
2 332
2 331
1 331
1 331
1 330
1 329
1 328
1 327
1 326
1 325
1 324
1 323
1 322
1 321
1 320
1 319
1 318
1 317
1 316
1 315
1 314
1 313
1 312
1 311
1 310
1 309
1 308
1 307
1 306
1 305
1 304
1 303
1 302
1 301
1 300
1 299
1 298
1 297
1 296
1 295
1 294
1 293
1 292
1 291
1 290
1 289
1 288
1 287
1 286
1 285
1 284
1 283
1 282
1 281
1 280
1 279
1 278
1 277
1 276
1 275
1 274
1 273
1 272
1 271
1 270
1 269
1 268
1 267
1 266
1 265
1 264
1 263
1 262
1 261
1 260
1 259
1 258
1 257
1 256
1 255
1 254
1 253
1 252
1 251
1 250
1 249
1 248
1 247
1 246
1 245
1 244
1 243
1 242
1 241
1 240
1 239
1 238
1 237
1 236
1 235
1 234
1 233
1 232
1 231
1 230
1 229
1 228
1 227
1 226
1 225
1 224
1 223
1 222
1 221
1 220
1 219
1 218
1 217
1 216
1 215
1 214
1 213
1 212
1 211
1 210
1 209
1 208
1 207
1 206
1 205
1 204
1 203
1 202
1 201
1 200
1 199
1 198
1 197
1 196
1 195
1 195
-1 -1
