pixel
list: 0
58 213
58 214
58 215
58 216
57 216
57 217
57 218
57 219
56 219
56 220
56 221
56 222
56 223
55 223
55 224
55 225
55 226
54 226
54 227
54 228
54 229
54 230
53 230
53 231
53 232
53 233
52 233
52 234
52 235
52 236
52 237
51 237
51 238
51 239
51 240
50 240
50 241
50 242
50 243
50 244
49 244
49 245
49 246
49 247
48 247
48 248
48 249
48 250
48 251
47 251
47 252
47 253
47 254
46 254
46 255
46 256
46 257
46 258
45 258
45 259
45 260
45 261
44 261
44 262
44 263
44 264
44 265
43 265
43 266
43 267
43 268
42 268
42 269
42 270
42 271
41 271
41 272
41 273
41 274
41 275
40 275
40 276
40 277
40 278
39 278
39 279
39 280
39 281
39 282
38 282
38 283
38 284
38 285
37 285
37 286
37 287
37 288
37 289
36 289
36 290
36 291
36 292
35 292
35 293
35 294
35 295
35 296
34 296
34 297
34 298
34 299
33 299
33 300
33 301
33 302
33 303
32 303
32 304
32 305
32 306
31 306
31 307
31 308
31 309
31 310
30 310
30 311
30 312
30 313
29 313
29 314
29 315
29 316
29 317
28 317
28 318
28 319
28 320
27 320
27 321
27 322
27 323
26 323
26 324
26 325
26 326
26 327
25 327
25 328
25 329
25 330
24 330
24 331
24 332
24 333
24 334
23 334
23 335
23 336
23 337
22 337
22 338
22 339
22 340
22 341
21 341
21 342
21 343
21 344
20 344
20 345
20 346
20 347
20 348
19 348
19 349
19 350
19 351
18 351
18 352
18 353
18 354
18 355
17 355
17 356
17 357
17 358
16 358
16 359
16 360
16 361
16 362
15 362
15 363
15 364
15 365
14 365
14 366
14 367
14 368
14 369
13 369
13 369
13 368
13 367
13 366
13 365
13 364
13 363
13 362
13 361
13 360
13 359
12 359
12 358
12 357
12 356
12 355
12 354
12 353
12 352
12 351
12 350
12 349
11 349
11 348
11 347
11 346
11 345
11 344
11 343
11 342
11 341
11 340
11 339
10 339
10 338
10 337
10 336
10 335
10 334
10 333
10 332
10 331
10 330
10 329
9 329
9 328
9 327
9 326
9 325
9 324
9 323
9 322
9 321
9 320
9 319
8 319
8 318
8 317
8 316
8 315
8 314
8 313
8 312
8 311
8 310
8 309
7 309
7 308
7 307
7 306
7 305
7 304
7 303
7 302
7 301
7 300
7 299
6 299
6 298
6 297
6 296
6 295
6 294
6 293
6 292
6 291
6 290
6 289
5 289
5 288
5 287
5 286
5 285
5 284
5 283
5 282
5 281
5 280
5 279
5 278
4 278
4 277
4 276
4 275
4 274
4 273
4 272
4 271
4 270
4 269
4 268
3 268
3 267
3 266
3 265
3 264
3 263
3 262
3 261
3 260
3 259
3 258
2 258
2 257
2 256
2 255
2 254
2 253
2 252
2 251
2 250
2 249
2 248
1 248
1 247
1 246
1 245
1 244
1 243
1 242
1 241
1 240
1 239
1 238
0 238
0 237
0 236
0 235
0 234
0 233
0 232
0 231
0 230
0 229
0 228
-1 228
-1 227
-1 226
-1 225
-1 224
-1 223
-1 222
-1 221
-1 220
-1 219
-1 218
-2 218
-2 217
-2 216
-2 215
-2 214
-2 213
-2 212
-2 211
-2 210
-2 209
-2 208
-3 208
-3 207
-3 206
-3 205
-3 204
-3 203
-3 202
-3 201
-3 200
-3 199
-3 198
-3 197
-4 197
-4 197
-3 197
-2 197
-1 197
-1 198
0 198
1 198
2 198
3 198
3 199
4 199
5 199
6 199
7 199
7 200
8 200
9 200
10 200
11 200
11 201
12 201
13 201
14 201
15 201
15 202
16 202
17 202
18 202
19 202
19 203
20 203
21 203
22 203
23 203
23 204
24 204
25 204
26 204
26 205
27 205
28 205
29 205
30 205
30 206
31 206
32 206
33 206
34 206
34 207
35 207
36 207
37 207
38 207
38 208
39 208
40 208
41 208
42 208
42 209
43 209
44 209
45 209
46 209
46 210
47 210
48 210
49 210
50 210
50 211
51 211
52 211
53 211
54 211
54 212
55 212
56 212
57 212
57 213
58 213
-1 -1
