pixel
list: 199
2 199
2 199
2 199
2 199
2 199
2 199
2 198
2 198
2 198
2 198
3 198
3 198
3 198
3 198
3 198
3 197
3 197
3 197
3 197
3 197
3 197
3 197
4 197
4 197
4 197
4 197
4 197
4 197
5 197
5 197
5 197
6 197
6 197
6 197
7 197
7 197
8 197
9 197
10 197
11 197
12 197
13 197
14 197
15 197
16 197
17 197
18 197
19 197
20 197
21 197
22 197
23 197
24 197
25 197
26 197
27 197
28 197
29 197
30 197
31 197
32 197
33 197
34 197
35 197
36 197
36 197
37 197
37 197
38 197
39 197
39 197
40 197
40 197
40 197
41 197
41 197
41 197
42 197
42 197
42 197
42 197
42 197
42 198
42 198
42 198
42 198
43 198
43 198
43 198
43 198
43 198
43 198
43 198
43 198
43 198
44 198
44 198
44 199
44 199
44 199
44 199
44 199
44 199
44 199
44 199
44 199
44 200
44 200
44 200
44 200
44 200
44 200
44 201
45 201
45 201
45 201
45 201
45 201
45 202
45 202
45 202
45 203
45 203
45 203
45 204
45 204
45 204
45 205
45 205
45 205
45 206
45 206
45 206
45 207
45 208
45 208
45 208
45 209
45 210
45 211
45 211
45 211
45 212
45 213
45 214
45 215
45 215
45 215
45 216
45 217
45 218
45 219
45 220
45 221
45 222
45 223
45 224
45 225
45 226
45 227
45 228
45 229
45 230
45 231
45 232
45 233
45 234
45 235
45 236
45 237
45 238
45 239
45 240
45 241
45 242
45 243
45 244
45 245
45 246
45 247
45 248
45 249
45 250
45 251
45 252
45 253
45 254
45 255
45 256
45 257
45 258
45 259
45 260
45 261
45 262
45 263
45 264
45 265
45 266
45 267
45 268
45 269
45 270
45 271
45 272
45 273
45 274
45 275
45 276
45 277
45 278
45 279
45 280
45 281
45 282
45 283
45 284
45 285
45 286
45 287
45 288
45 289
45 290
45 291
45 292
45 293
45 294
45 295
45 296
45 297
45 298
45 299
45 300
45 301
44 301
44 301
44 302
44 303
44 304
44 305
44 306
44 307
44 308
44 309
44 310
44 310
44 310
44 311
44 312
44 313
44 314
44 314
44 314
44 315
44 316
44 316
44 316
44 317
44 317
44 317
44 318
44 319
44 319
44 319
44 320
44 320
44 320
44 321
44 321
44 321
44 321
44 321
44 321
44 322
44 322
44 322
44 323
43 323
43 323
43 323
43 323
43 323
43 324
43 324
43 324
43 324
43 324
43 324
43 324
43 324
43 324
43 325
43 325
43 325
43 325
42 325
42 325
42 325
42 325
42 325
42 326
42 326
42 326
42 326
42 326
42 326
42 326
41 326
41 326
41 326
41 326
41 326
41 326
40 326
40 326
40 326
39 326
39 326
39 326
38 326
38 326
37 326
36 326
35 326
34 326
33 326
32 326
31 326
30 326
29 326
28 326
27 326
26 326
25 326
24 326
23 326
22 326
21 326
20 326
19 326
18 326
17 326
16 326
15 326
14 326
13 326
12 326
11 326
10 326
9 326
9 326
8 326
8 326
7 326
6 326
6 326
5 326
5 326
5 326
4 326
4 326
4 326
3 326
3 326
3 326
3 326
3 326
3 325
3 325
3 325
3 325
2 325
2 325
2 325
2 325
2 325
2 325
2 325
2 325
2 325
1 325
1 325
1 324
1 324
1 324
1 324
1 324
1 324
1 324
1 324
1 324
1 323
1 323
1 323
1 323
1 323
1 323
1 322
0 322
0 322
0 322
0 322
0 322
0 321
0 321
0 321
0 320
0 320
0 320
0 319
0 319
0 319
0 318
0 318
0 318
0 317
0 317
0 317
0 316
0 315
0 315
0 315
0 314
0 313
0 312
0 312
0 312
0 311
0 310
0 309
0 308
0 308
0 308
0 307
0 306
0 305
0 304
0 303
0 302
0 301
0 300
0 299
0 298
0 297
0 296
0 295
0 294
0 293
0 292
0 291
0 290
0 289
0 288
0 287
0 286
0 285
0 284
0 283
0 282
0 281
0 280
0 279
0 278
0 277
0 276
0 275
0 274
0 273
0 272
0 271
0 270
0 269
0 268
0 267
0 266
0 265
0 264
0 263
0 262
0 261
0 260
0 259
0 258
0 257
0 256
0 255
0 254
0 253
0 252
0 251
0 250
0 249
0 248
0 247
0 246
0 245
0 244
0 243
0 242
0 241
0 240
0 239
0 238
0 237
0 236
0 235
0 234
0 233
0 232
0 231
0 230
0 229
0 228
0 227
0 226
0 225
0 224
0 223
0 222
1 222
1 222
1 221
1 220
1 219
1 218
1 217
1 216
1 215
1 214
1 213
1 213
1 213
1 212
1 211
1 210
1 209
1 209
1 209
1 208
1 207
1 207
1 207
1 206
1 206
1 206
1 205
1 204
1 204
1 204
1 203
1 203
1 203
1 202
1 202
1 202
1 202
1 202
1 202
1 201
1 201
1 201
1 200
2 200
2 200
2 200
2 200
2 200
2 199
2 199
-1 -1
list: -1
-1 -1
