pixel
list: 0
48 196
48 197
48 198
48 199
48 200
48 201
48 202
48 203
48 204
48 205
48 206
48 207
48 208
48 209
48 210
47 210
47 211
47 212
47 213
47 214
47 215
47 216
47 217
47 218
47 219
47 220
47 221
47 222
47 223
47 224
46 224
46 225
46 226
46 227
46 228
46 229
46 230
46 231
46 232
46 233
46 234
46 235
46 236
46 237
46 238
46 239
45 239
45 240
45 241
45 242
45 243
45 244
45 245
45 246
45 247
45 248
45 249
45 250
45 251
45 252
45 253
44 253
44 254
44 255
44 256
44 257
44 258
44 259
44 260
44 261
44 262
44 263
44 264
44 265
44 266
44 267
44 268
43 268
43 269
43 270
43 271
43 272
43 273
43 274
43 275
43 276
43 277
43 278
43 279
43 280
43 281
43 282
42 282
42 283
42 284
42 285
42 286
42 287
42 288
42 289
42 290
42 291
42 292
42 293
42 294
42 295
42 296
42 297
41 297
41 298
41 299
41 300
41 301
41 302
41 303
41 304
41 305
41 306
41 307
41 308
41 309
41 310
41 311
40 311
40 312
40 313
40 314
40 315
40 316
40 317
40 318
40 319
40 320
40 321
40 322
40 323
40 324
40 325
40 326
39 326
39 326
38 326
37 326
36 326
35 326
34 326
33 326
32 326
31 326
30 326
29 326
28 326
27 326
26 326
26 325
25 325
24 325
23 325
22 325
21 325
20 325
19 325
18 325
17 325
16 325
15 325
14 325
13 325
12 325
12 324
11 324
10 324
9 324
8 324
7 324
6 324
5 324
4 324
3 324
2 324
1 324
0 324
-1 324
-2 324
-2 323
-3 323
-3 323
-3 322
-3 321
-3 320
-3 319
-3 318
-3 317
-3 316
-3 315
-3 314
-3 313
-3 312
-3 311
-3 310
-3 309
-3 308
-3 307
-2 307
-2 306
-2 305
-2 304
-2 303
-2 302
-2 301
-2 300
-2 299
-2 298
-2 297
-2 296
-2 295
-2 294
-2 293
-2 292
-2 291
-1 291
-1 290
-1 289
-1 288
-1 287
-1 286
-1 285
-1 284
-1 283
-1 282
-1 281
-1 280
-1 279
-1 278
-1 277
-1 276
-1 275
0 275
0 274
0 273
0 272
0 271
0 270
0 269
0 268
0 267
0 266
0 265
0 264
0 263
0 262
0 261
0 260
0 259
0 258
1 258
1 257
1 256
1 255
1 254
1 253
1 252
1 251
1 250
1 249
1 248
1 247
1 246
1 245
1 244
1 243
1 242
2 242
2 241
2 240
2 239
2 238
2 237
2 236
2 235
2 234
2 233
2 232
2 231
2 230
2 229
2 228
2 227
2 226
3 226
3 225
3 224
3 223
3 222
3 221
3 220
3 219
3 218
3 217
3 216
3 215
3 214
3 213
3 212
3 211
3 210
4 210
4 209
4 208
4 207
4 206
4 205
4 204
4 203
4 202
4 201
4 200
4 199
4 198
4 197
4 196
4 195
4 194
4 193
5 193
5 193
6 193
7 193
8 193
9 193
10 193
11 193
12 193
13 193
14 193
15 193
16 193
17 193
18 193
19 193
19 194
20 194
21 194
22 194
23 194
24 194
25 194
26 194
27 194
28 194
29 194
30 194
31 194
32 194
33 194
33 195
34 195
35 195
36 195
37 195
38 195
39 195
40 195
41 195
42 195
43 195
44 195
45 195
46 195
47 195
47 196
48 196
-1 -1
