pixel
list: 335
256 335
256 335
256 335
256 334
255 334
255 333
254 333
254 332
253 332
253 331
252 331
252 331
252 330
251 330
251 329
250 329
250 328
249 328
249 328
249 327
248 327
248 326
247 326
247 325
246 325
246 325
245 325
245 324
244 324
244 323
243 323
243 323
242 323
241 323
241 322
240 322
240 322
240 322
239 322
239 322
238 322
238 321
237 321
237 321
237 321
237 321
237 321
237 321
237 321
237 321
237 321
238 321
238 321
239 321
239 321
240 321
240 321
241 321
241 321
242 321
242 321
243 321
244 321
244 320
245 320
245 320
246 320
247 320
247 319
248 319
248 319
249 319
249 318
250 318
250 317
251 317
251 316
252 316
252 316
253 316
253 315
254 315
254 314
255 314
255 313
256 313
256 313
257 313
257 312
258 312
258 311
259 311
259 310
260 310
260 309
261 309
261 309
261 308
262 308
262 307
263 307
263 306
264 306
264 305
264 304
265 304
265 304
265 303
266 303
266 302
267 302
267 301
267 300
268 300
268 299
269 299
269 298
269 297
270 297
270 297
270 296
271 296
271 295
271 294
272 294
272 293
272 292
273 292
273 291
273 290
274 290
274 290
274 289
275 289
275 288
275 287
276 287
276 286
276 285
277 285
277 284
277 283
278 283
278 282
278 281
279 281
279 281
279 280
279 279
280 279
280 278
280 277
281 277
281 276
281 275
282 275
282 274
282 273
282 272
283 272
283 272
283 271
283 270
284 270
284 269
284 268
284 267
285 267
285 266
285 265
286 265
286 264
286 263
286 262
287 262
287 262
287 261
287 260
287 259
288 259
288 258
288 257
288 256
289 256
289 255
289 254
289 253
289 252
290 252
290 252
290 251
290 250
290 249
291 249
291 248
291 247
291 246
292 246
292 245
292 244
292 243
292 242
293 242
293 242
293 241
293 240
293 239
294 239
294 238
294 237
294 236
295 236
295 235
295 234
295 233
295 232
296 232
296 232
296 231
296 230
296 229
296 228
296 227
297 227
297 226
297 225
297 224
297 223
297 222
298 222
298 222
298 221
298 220
298 219
298 218
298 217
298 216
298 215
298 214
299 214
299 214
299 213
299 212
299 211
299 210
300 210
300 209
300 208
300 207
300 206
301 206
301 206
301 205
301 204
301 203
301 202
301 201
301 200
301 199
302 199
302 199
302 198
302 197
302 196
302 195
302 195
302 195
302 194
302 193
302 192
302 191
303 191
303 191
303 190
303 190
303 190
303 190
303 190
303 190
303 191
303 192
303 193
303 193
303 193
303 194
303 195
303 196
303 197
302 197
302 197
302 198
302 199
302 200
302 201
302 202
302 203
302 203
302 203
302 204
302 205
302 206
302 207
302 208
302 209
302 210
302 210
302 210
302 211
302 212
302 213
302 214
302 215
302 216
302 217
302 218
302 218
302 218
302 219
302 220
302 221
302 222
302 223
302 224
302 225
302 226
302 227
302 228
302 228
302 228
302 229
302 230
302 231
302 232
302 233
302 234
302 235
302 236
302 237
302 238
302 238
302 238
302 239
302 240
302 241
302 242
302 243
302 244
302 245
302 246
302 247
302 248
303 248
303 248
303 249
303 250
303 251
303 252
303 253
303 254
303 255
303 256
303 257
303 258
303 259
304 259
304 259
304 260
304 261
304 262
304 263
304 264
305 264
305 265
305 266
305 267
305 268
305 269
306 269
306 269
306 270
306 271
306 272
306 273
306 274
307 274
307 275
307 276
307 277
307 278
307 279
307 280
308 280
308 280
308 281
308 282
308 283
308 284
309 284
309 285
309 286
309 287
309 288
309 289
310 289
310 289
310 290
310 291
310 292
311 292
311 293
311 294
311 295
312 295
312 296
312 297
312 298
313 298
313 298
313 299
313 300
314 300
314 301
314 302
315 302
315 303
315 304
315 305
316 305
316 305
316 306
317 306
317 307
317 308
318 308
318 309
318 310
319 310
319 311
319 312
320 312
320 312
320 313
320 314
321 314
321 315
321 316
322 316
322 317
322 318
323 318
323 318
323 319
324 319
324 320
325 320
325 321
326 321
326 322
327 322
327 322
327 323
328 323
328 324
329 324
329 325
330 325
330 325
330 326
331 326
331 327
332 327
332 328
333 328
333 328
334 328
334 329
335 329
335 330
336 330
336 330
337 330
338 330
338 331
339 331
339 331
339 331
340 331
340 331
341 331
341 332
342 332
342 332
342 332
342 332
342 332
342 332
342 332
342 332
342 332
341 332
341 332
340 332
340 332
339 332
339 332
338 332
338 332
337 332
337 332
336 332
335 332
335 333
334 333
334 333
333 333
332 333
332 334
331 334
331 334
330 334
330 335
329 335
329 336
328 336
328 337
327 337
327 337
326 337
326 338
325 338
325 339
324 339
324 340
323 340
323 340
322 340
322 341
321 341
321 342
320 342
320 343
319 343
319 344
318 344
318 344
318 345
317 345
317 346
316 346
316 347
315 347
315 348
315 349
314 349
314 349
314 350
313 350
313 351
312 351
312 352
312 353
311 353
311 354
310 354
310 355
310 356
309 356
309 356
309 357
308 357
308 358
308 359
307 359
307 360
307 361
306 361
306 362
306 363
305 363
305 363
305 364
304 364
304 365
304 366
303 366
303 367
303 368
302 368
302 369
302 370
301 370
301 371
301 372
300 372
300 372
300 373
300 374
299 374
299 375
299 376
298 376
298 377
298 378
297 378
297 379
297 380
297 381
296 381
296 381
296 382
296 383
295 383
295 384
295 385
295 386
294 386
294 387
294 388
293 388
293 389
293 390
293 391
292 391
292 391
292 392
292 393
292 394
291 394
291 395
291 396
291 397
290 397
290 398
290 399
290 400
290 401
289 401
289 401
289 402
289 403
289 404
288 404
288 405
288 406
288 407
287 407
287 408
287 409
287 410
287 411
286 411
286 411
286 412
286 413
286 414
285 414
285 415
285 416
285 417
284 417
284 418
284 419
284 420
284 421
283 421
283 421
283 422
283 423
283 424
283 425
283 426
282 426
282 427
282 428
282 429
282 430
282 431
281 431
281 431
281 432
281 433
281 434
281 435
281 436
281 437
281 438
281 439
280 439
280 439
280 440
280 441
280 442
280 443
279 443
279 444
279 445
279 446
279 447
278 447
278 447
278 448
278 449
278 450
278 451
278 452
278 453
278 454
277 454
277 454
277 455
277 456
277 457
277 458
277 458
277 458
277 459
277 460
277 461
277 462
276 462
276 462
276 463
276 463
276 463
276 463
276 463
276 463
276 462
276 461
276 460
276 460
276 460
276 459
276 458
276 457
276 456
277 456
277 456
277 455
277 454
277 453
277 452
277 451
277 450
277 450
277 450
277 449
277 448
277 447
277 446
277 445
277 444
277 443
277 443
277 443
277 442
277 441
277 440
277 439
277 438
277 437
277 436
277 435
277 435
277 435
277 434
277 433
277 432
277 431
277 430
277 429
277 428
277 427
277 426
277 425
277 425
277 425
277 424
277 423
277 422
277 421
277 420
277 419
277 418
277 417
277 416
277 415
277 415
277 415
277 414
277 413
277 412
277 411
277 410
277 409
277 408
277 407
277 406
277 405
276 405
276 405
276 404
276 403
276 402
276 401
276 400
276 399
276 398
276 397
276 396
276 395
276 394
275 394
275 394
275 393
275 392
275 391
275 390
275 389
274 389
274 388
274 387
274 386
274 385
274 384
273 384
273 384
273 383
273 382
273 381
273 380
273 379
272 379
272 378
272 377
272 376
272 375
272 374
272 373
271 373
271 373
271 372
271 371
271 370
271 369
270 369
270 368
270 367
270 366
270 365
270 364
269 364
269 364
269 363
269 362
269 361
268 361
268 360
268 359
268 358
267 358
267 357
267 356
267 355
266 355
266 355
266 354
266 353
265 353
265 352
265 351
264 351
264 350
264 349
264 348
263 348
263 348
263 347
262 347
262 346
262 345
261 345
261 344
261 343
260 343
260 342
260 341
259 341
-1 -1
list: -1
-1 -1
