pixel
list: 0
320 330
319 330
319 331
318 331
317 331
317 332
316 332
315 332
315 333
314 333
313 333
313 334
312 334
311 334
311 335
310 335
309 335
309 336
308 336
307 336
307 337
306 337
305 337
305 338
304 338
303 338
303 339
302 339
301 339
301 340
300 340
299 340
299 341
298 341
297 341
297 342
296 342
295 342
295 343
294 343
293 343
293 344
292 344
291 344
291 345
290 345
289 345
289 346
288 346
287 346
287 347
286 347
285 347
285 348
284 348
283 348
283 349
282 349
281 349
281 350
280 350
279 350
279 351
278 351
277 351
277 352
276 352
275 352
275 353
274 353
273 353
273 354
272 354
271 354
271 355
270 355
269 355
269 356
268 356
267 356
267 357
266 357
265 357
265 358
264 358
263 358
263 359
262 359
261 359
261 360
260 360
259 360
259 361
258 361
257 361
257 362
256 362
255 362
255 363
254 363
253 363
253 364
252 364
251 364
251 365
250 365
249 365
249 366
248 366
247 366
247 367
246 367
245 367
245 368
244 368
243 368
243 369
242 369
241 369
241 370
240 370
239 370
239 371
238 371
237 371
237 372
236 372
235 372
235 373
234 373
233 373
233 374
232 374
231 374
231 375
230 375
229 375
229 376
228 376
227 376
227 377
226 377
225 377
225 378
224 378
223 378
223 379
222 379
221 379
221 380
220 380
220 381
219 381
219 381
219 380
220 380
220 379
220 378
221 378
221 377
221 376
222 376
222 375
222 374
223 374
223 373
224 373
224 372
224 371
225 371
225 370
225 369
226 369
226 368
226 367
227 367
227 366
227 365
228 365
228 364
229 364
229 363
229 362
230 362
230 361
230 360
231 360
231 359
231 358
232 358
232 357
232 356
233 356
233 355
234 355
234 354
234 353
235 353
235 352
235 351
236 351
236 350
236 349
237 349
237 348
237 347
238 347
238 346
239 346
239 345
239 344
240 344
240 343
240 342
241 342
241 341
241 340
242 340
242 339
243 339
243 338
243 337
244 337
244 336
244 335
245 335
245 334
245 333
246 333
246 332
246 331
247 331
247 330
248 330
248 329
248 328
249 328
249 327
249 326
250 326
250 325
250 324
251 324
251 323
251 322
252 322
252 321
253 321
253 320
253 319
254 319
254 318
254 317
255 317
255 316
255 315
256 315
256 314
256 313
257 313
257 312
258 312
258 311
258 310
259 310
259 309
259 308
260 308
260 307
260 306
261 306
261 305
261 304
262 304
262 303
263 303
263 302
263 301
264 301
264 300
264 299
265 299
265 298
265 297
266 297
266 296
267 296
267 295
267 294
268 294
268 293
268 292
269 292
269 291
269 290
270 290
270 289
270 288
271 288
271 287
272 287
272 286
272 285
273 285
273 284
273 283
274 283
274 282
274 281
275 281
275 280
275 279
276 279
276 278
277 278
277 277
277 276
278 276
278 275
278 274
279 274
279 273
279 272
280 272
280 271
280 270
281 270
281 269
282 269
282 268
282 267
283 267
283 266
283 265
284 265
284 264
284 263
285 263
285 262
286 262
286 261
286 260
287 260
287 259
287 258
288 258
288 257
288 256
289 256
289 255
289 254
290 254
290 253
291 253
291 252
291 251
292 251
292 250
292 249
293 249
293 248
293 247
294 247
294 246
294 245
295 245
295 244
296 244
296 243
296 242
297 242
297 241
297 240
298 240
298 239
298 238
299 238
299 237
299 236
300 236
300 235
301 235
301 234
301 233
302 233
302 232
302 231
303 231
303 230
303 229
304 229
304 228
304 227
305 227
305 227
305 228
305 229
305 230
305 231
305 232
305 233
306 233
306 234
306 235
306 236
306 237
306 238
306 239
306 240
307 240
307 241
307 242
307 243
307 244
307 245
307 246
307 247
308 247
308 248
308 249
308 250
308 251
308 252
308 253
308 254
309 254
309 255
309 256
309 257
309 258
309 259
309 260
309 261
310 261
310 262
310 263
310 264
310 265
310 266
310 267
310 268
311 268
311 269
311 270
311 271
311 272
311 273
311 274
311 275
312 275
312 276
312 277
312 278
312 279
312 280
312 281
313 281
313 282
313 283
313 284
313 285
313 286
313 287
313 288
314 288
314 289
314 290
314 291
314 292
314 293
314 294
314 295
315 295
315 296
315 297
315 298
315 299
315 300
315 301
315 302
316 302
316 303
316 304
316 305
316 306
316 307
316 308
316 309
317 309
317 310
317 311
317 312
317 313
317 314
317 315
317 316
318 316
318 317
318 318
318 319
318 320
318 321
318 322
318 323
319 323
319 324
319 325
319 326
319 327
319 328
319 329
319 330
320 330
-1 -1
