pixel
list: 0
256 314
256 313
257 313
257 312
258 312
258 311
258 310
259 310
259 309
260 309
260 308
260 307
261 307
261 306
262 306
262 305
262 304
263 304
263 303
264 303
264 302
264 301
265 301
265 300
266 300
266 299
267 299
267 298
267 297
268 297
268 296
269 296
269 295
269 294
270 294
270 293
271 293
271 292
271 291
272 291
272 290
273 290
273 289
273 288
274 288
274 287
275 287
275 286
276 286
276 285
276 284
277 284
277 283
278 283
278 282
278 281
279 281
279 280
280 280
280 279
280 278
281 278
281 277
282 277
282 276
282 275
283 275
283 274
284 274
284 273
284 272
285 272
285 271
286 271
286 270
287 270
287 269
287 268
288 268
288 267
289 267
289 266
289 265
290 265
290 264
291 264
291 263
291 262
292 262
292 261
293 261
293 260
293 259
294 259
294 258
295 258
295 257
296 257
296 256
296 255
297 255
297 254
298 254
298 253
298 252
299 252
299 251
300 251
300 250
300 249
301 249
301 248
302 248
302 247
302 246
303 246
303 245
304 245
304 244
304 243
305 243
305 243
305 244
305 245
305 246
305 247
305 248
306 248
306 249
306 250
306 251
306 252
306 253
307 253
307 254
307 255
307 256
307 257
307 258
308 258
308 259
308 260
308 261
308 262
308 263
309 263
309 264
309 265
309 266
309 267
309 268
310 268
310 269
310 270
310 271
310 272
310 273
311 273
311 274
311 275
311 276
311 277
311 278
312 278
312 279
312 280
312 281
312 282
312 283
313 283
313 284
313 285
313 286
313 287
313 288
314 288
314 289
314 290
314 291
314 292
314 293
314 294
315 294
315 294
315 295
315 296
315 297
315 298
315 299
316 299
316 300
316 301
316 302
316 303
316 304
316 305
317 305
317 306
317 307
317 308
317 309
317 310
317 311
318 311
318 312
318 313
318 314
318 315
318 316
318 317
319 317
319 317
318 317
318 318
317 318
317 319
316 319
316 320
315 320
315 321
314 321
314 322
313 322
313 323
312 323
311 323
311 324
310 324
310 325
309 325
309 326
308 326
308 327
307 327
307 328
306 328
306 329
305 329
304 329
304 330
303 330
303 331
302 331
302 332
301 332
301 333
300 333
300 334
299 334
299 335
298 335
297 335
297 336
296 336
296 337
295 337
295 338
294 338
294 339
293 339
293 340
292 340
292 341
291 341
290 341
290 342
289 342
289 343
288 343
288 344
287 344
287 345
286 345
286 346
285 346
285 347
284 347
283 347
283 348
282 348
282 349
281 349
281 350
280 350
280 351
279 351
279 352
278 352
278 353
277 353
276 353
276 354
275 354
275 355
274 355
274 356
273 356
273 357
272 357
272 358
271 358
271 359
270 359
269 359
269 360
268 360
268 361
267 361
267 362
266 362
266 363
265 363
265 364
264 364
264 365
263 365
262 365
262 366
261 366
261 367
260 367
260 368
259 368
259 369
258 369
258 370
257 370
257 371
256 371
256 372
255 372
255 372
254 372
253 372
252 372
252 371
251 371
250 371
249 371
249 370
248 370
247 370
246 370
246 369
245 369
244 369
243 369
243 368
242 368
241 368
240 368
240 367
239 367
239 367
239 366
238 366
238 365
237 365
237 364
236 364
236 364
236 363
235 363
235 362
234 362
234 361
234 360
233 360
233 360
233 359
233 358
232 358
232 357
232 356
231 356
231 356
231 355
231 354
231 353
231 352
230 352
230 352
230 351
231 351
231 350
232 350
232 349
232 348
233 348
233 347
234 347
234 346
234 345
235 345
235 344
236 344
236 343
236 342
237 342
237 341
238 341
238 340
238 339
239 339
239 338
240 338
240 337
240 336
241 336
241 335
242 335
242 334
242 333
243 333
243 332
244 332
244 331
245 331
245 330
245 329
246 329
246 328
247 328
247 327
247 326
248 326
248 325
249 325
249 324
249 323
250 323
250 322
251 322
251 321
251 320
252 320
252 319
253 319
253 318
253 317
254 317
254 316
255 316
255 315
255 314
256 314
-1 -1
