pixel
list: 0
331 263
331 264
330 264
330 265
330 266
329 266
329 267
329 268
328 268
328 269
327 269
327 270
327 271
326 271
326 272
326 273
325 273
325 274
325 275
324 275
324 276
323 276
323 277
323 278
322 278
322 279
322 280
321 280
321 281
320 281
320 282
320 283
319 283
319 284
319 285
318 285
318 286
318 287
317 287
317 288
316 288
316 289
316 290
315 290
315 291
315 292
314 292
314 293
313 293
313 294
313 295
312 295
312 296
312 297
311 297
311 298
311 299
310 299
310 300
309 300
309 301
309 302
308 302
308 303
308 304
307 304
307 305
307 306
306 306
306 307
305 307
305 308
305 309
304 309
304 310
304 311
303 311
303 312
302 312
302 313
302 314
301 314
301 315
301 316
300 316
300 317
300 318
299 318
299 319
298 319
298 320
298 321
297 321
297 322
297 323
296 323
296 324
295 324
295 325
295 326
294 326
294 327
294 328
293 328
293 329
293 330
292 330
292 331
291 331
291 332
291 333
290 333
290 334
290 335
289 335
289 336
288 336
288 337
288 338
287 338
287 339
287 340
286 340
286 341
286 342
285 342
285 343
284 343
284 344
284 345
283 345
283 346
283 347
282 347
282 348
282 349
281 349
281 350
280 350
280 351
280 352
279 352
279 353
279 354
278 354
278 355
277 355
277 356
277 357
276 357
276 358
276 359
275 359
275 360
275 361
274 361
274 362
273 362
273 363
273 364
272 364
272 365
272 366
271 366
271 367
270 367
270 368
270 369
269 369
269 370
269 371
268 371
268 372
268 373
267 373
267 374
266 374
266 375
266 376
265 376
265 377
265 378
264 378
264 379
264 380
263 380
263 380
262 380
262 379
261 379
260 379
260 378
259 378
258 378
258 377
257 377
256 377
256 376
255 376
255 375
254 375
253 375
253 374
252 374
251 374
251 373
250 373
249 373
249 372
248 372
248 371
247 371
246 371
246 370
245 370
244 370
244 369
243 369
242 369
242 368
241 368
240 368
240 367
239 367
239 366
238 366
237 366
237 365
236 365
235 365
235 364
234 364
233 364
233 363
232 363
232 362
231 362
231 362
231 361
232 361
232 360
232 359
233 359
233 358
233 357
234 357
234 356
235 356
235 355
235 354
236 354
236 353
236 352
237 352
237 351
237 350
238 350
238 349
239 349
239 348
239 347
240 347
240 346
240 345
241 345
241 344
242 344
242 343
242 342
243 342
243 341
243 340
244 340
244 339
244 338
245 338
245 337
246 337
246 336
246 335
247 335
247 334
247 333
248 333
248 332
249 332
249 331
249 330
250 330
250 329
250 328
251 328
251 327
251 326
252 326
252 325
253 325
253 324
253 323
254 323
254 322
254 321
255 321
255 320
255 319
256 319
256 318
257 318
257 317
257 316
258 316
258 315
258 314
259 314
259 313
260 313
260 312
260 311
261 311
261 310
261 309
262 309
262 308
262 307
263 307
263 306
264 306
264 305
264 304
265 304
265 303
265 302
266 302
266 301
267 301
267 300
267 299
268 299
268 298
268 297
269 297
269 296
269 295
270 295
270 294
271 294
271 293
271 292
272 292
272 291
272 290
273 290
273 289
274 289
274 288
274 287
275 287
275 286
275 285
276 285
276 284
276 283
277 283
277 282
278 282
278 281
278 280
279 280
279 279
279 278
280 278
280 277
280 276
281 276
281 275
282 275
282 274
282 273
283 273
283 272
283 271
284 271
284 270
285 270
285 269
285 268
286 268
286 267
286 266
287 266
287 265
287 264
288 264
288 263
289 263
289 262
289 261
290 261
290 260
290 259
291 259
291 258
292 258
292 257
292 256
293 256
293 255
293 254
294 254
294 253
294 252
295 252
295 251
296 251
296 250
296 249
297 249
297 248
297 247
298 247
298 246
298 245
299 245
299 245
300 245
300 246
301 246
302 246
302 247
303 247
304 247
304 248
305 248
306 248
306 249
307 249
307 250
308 250
309 250
309 251
310 251
311 251
311 252
312 252
313 252
313 253
314 253
314 254
315 254
316 254
316 255
317 255
318 255
318 256
319 256
320 256
320 257
321 257
322 257
322 258
323 258
323 259
324 259
325 259
325 260
326 260
327 260
327 261
328 261
329 261
329 262
330 262
330 263
331 263
-1 -1
