pixel
list: 0
432 345
431 345
430 345
429 345
428 345
427 345
426 345
425 345
424 345
423 345
422 345
421 345
420 345
419 345
418 345
417 345
416 345
415 345
414 345
413 345
412 345
411 345
410 345
409 345
408 345
407 345
406 345
405 345
404 345
403 345
402 345
401 345
400 345
399 345
398 345
397 345
396 345
395 345
394 345
393 345
393 346
392 346
392 346
392 345
392 344
392 343
392 342
392 341
392 340
392 339
392 338
392 337
392 336
392 335
392 334
392 333
392 332
392 331
392 330
392 329
392 328
392 327
392 326
392 325
392 324
392 323
392 322
392 321
392 320
392 319
392 318
392 317
392 316
392 315
392 314
392 313
392 312
392 311
392 310
392 309
392 308
392 307
392 306
392 305
392 304
392 303
392 302
392 301
392 300
392 299
392 298
392 297
392 296
392 295
392 294
392 293
392 292
392 291
392 290
392 289
392 288
392 287
392 286
392 285
392 284
392 283
392 282
392 281
392 280
392 279
392 278
392 277
392 276
392 275
392 274
392 273
392 272
392 271
392 270
392 269
392 268
392 267
392 266
392 265
392 264
392 263
392 262
392 261
392 260
392 259
392 258
392 257
392 256
392 255
392 254
392 253
392 252
392 251
392 250
392 249
392 248
392 247
392 246
392 245
392 244
392 243
392 242
392 241
392 240
392 239
392 238
392 237
392 236
392 235
392 234
392 233
392 232
392 231
392 230
392 229
392 228
392 227
392 226
392 225
392 224
392 223
392 222
392 221
392 220
392 219
392 218
392 217
392 216
392 215
392 214
392 213
392 212
391 212
391 212
392 212
393 212
394 212
395 212
396 212
397 212
398 212
399 212
400 212
401 212
402 212
403 212
404 212
405 212
406 212
407 212
408 212
409 212
410 212
411 212
412 212
413 212
414 212
415 212
416 212
417 212
418 212
419 212
420 212
421 212
422 212
423 212
424 212
425 212
426 212
427 212
428 212
429 212
430 212
430 211
431 211
431 211
431 212
431 213
431 214
431 215
431 216
431 217
431 218
431 219
431 220
431 221
431 222
431 223
431 224
431 225
431 226
431 227
431 228
431 229
431 230
431 231
431 232
431 233
431 234
431 235
431 236
431 237
431 238
431 239
431 240
431 241
431 242
431 243
431 244
431 245
431 246
431 247
431 248
431 249
431 250
431 251
431 252
431 253
431 254
431 255
431 256
431 257
431 258
431 259
431 260
431 261
431 262
431 263
431 264
431 265
431 266
431 267
431 268
431 269
431 270
431 271
431 272
431 273
431 274
431 275
431 276
431 277
431 278
431 279
431 280
431 281
431 282
431 283
431 284
431 285
431 286
431 287
431 288
431 289
431 290
431 291
431 292
431 293
431 294
431 295
431 296
431 297
431 298
431 299
431 300
431 301
431 302
431 303
431 304
431 305
431 306
431 307
431 308
431 309
431 310
431 311
431 312
431 313
431 314
431 315
431 316
431 317
431 318
431 319
431 320
431 321
431 322
431 323
431 324
431 325
431 326
431 327
431 328
431 329
431 330
431 331
431 332
431 333
431 334
431 335
431 336
431 337
431 338
431 339
431 340
431 341
431 342
431 343
431 344
431 345
432 345
-1 -1
