pixel
list: 0
434 366
434 365
433 365
433 364
432 364
432 363
431 363
431 362
430 362
430 361
430 360
429 360
429 359
428 359
428 358
427 358
427 357
426 357
426 356
426 355
425 355
425 354
424 354
424 353
423 353
423 352
422 352
422 351
422 350
421 350
421 349
420 349
420 348
419 348
419 347
418 347
418 346
418 345
417 345
417 344
416 344
416 343
415 343
415 342
414 342
414 341
414 340
413 340
413 339
412 339
412 338
411 338
411 337
410 337
410 336
410 335
409 335
409 334
408 334
408 333
407 333
407 332
406 332
406 331
406 330
405 330
405 329
404 329
404 328
403 328
403 327
402 327
402 326
402 325
401 325
401 324
400 324
400 323
399 323
399 322
398 322
398 321
398 320
397 320
397 319
396 319
396 318
395 318
395 317
394 317
394 316
394 315
393 315
393 314
392 314
392 313
391 313
391 312
390 312
390 311
390 310
389 310
389 309
388 309
388 308
387 308
387 307
386 307
386 306
386 305
385 305
385 304
384 304
384 303
383 303
383 302
382 302
382 301
382 300
381 300
381 299
380 299
380 298
379 298
379 297
378 297
378 296
378 295
377 295
377 295
377 294
377 293
378 293
378 292
378 291
378 290
379 290
379 289
379 288
380 288
380 287
380 286
380 285
381 285
381 284
381 283
381 282
382 282
382 281
382 280
383 280
383 279
383 278
383 277
384 277
384 276
384 275
384 274
385 274
385 273
385 272
386 272
386 271
386 270
386 269
387 269
387 268
387 267
388 267
388 266
388 265
388 264
389 264
389 263
389 262
389 261
390 261
390 260
390 259
391 259
391 258
391 257
391 256
392 256
392 255
392 254
392 253
393 253
393 252
393 251
394 251
394 250
394 249
394 248
395 248
395 247
395 246
396 246
396 245
396 244
396 243
397 243
397 242
397 241
397 240
398 240
398 239
398 238
399 238
399 237
399 236
399 235
400 235
400 234
400 233
400 232
401 232
401 231
401 230
402 230
402 229
402 228
402 227
403 227
403 226
403 225
403 224
404 224
404 223
404 222
405 222
405 221
405 220
405 219
406 219
406 218
406 217
407 217
407 216
407 215
407 214
408 214
408 213
408 212
408 211
409 211
409 210
409 209
410 209
410 208
410 207
410 206
411 206
411 205
411 204
411 203
412 203
412 202
412 201
413 201
413 200
413 199
413 198
414 198
414 197
414 196
415 196
415 195
415 194
415 193
416 193
416 192
416 191
416 190
417 190
417 189
417 188
418 188
418 187
418 186
418 185
419 185
419 184
419 183
419 182
420 182
420 181
420 180
421 180
421 179
421 178
421 177
422 177
422 176
422 175
422 174
423 174
423 174
423 175
423 176
423 177
423 178
423 179
423 180
423 181
423 182
423 183
423 184
423 185
423 186
423 187
423 188
423 189
423 190
423 191
424 191
424 192
424 193
424 194
424 195
424 196
424 197
424 198
424 199
424 200
424 201
424 202
424 203
424 204
424 205
424 206
424 207
424 208
425 208
425 209
425 210
425 211
425 212
425 213
425 214
425 215
425 216
425 217
425 218
425 219
425 220
425 221
425 222
425 223
425 224
425 225
425 226
426 226
426 227
426 228
426 229
426 230
426 231
426 232
426 233
426 234
426 235
426 236
426 237
426 238
426 239
426 240
426 241
426 242
426 243
427 243
427 244
427 245
427 246
427 247
427 248
427 249
427 250
427 251
427 252
427 253
427 254
427 255
427 256
427 257
427 258
427 259
427 260
427 261
428 261
428 262
428 263
428 264
428 265
428 266
428 267
428 268
428 269
428 270
428 271
428 272
428 273
428 274
428 275
428 276
428 277
428 278
429 278
429 279
429 280
429 281
429 282
429 283
429 284
429 285
429 286
429 287
429 288
429 289
429 290
429 291
429 292
429 293
429 294
429 295
429 296
430 296
430 297
430 298
430 299
430 300
430 301
430 302
430 303
430 304
430 305
430 306
430 307
430 308
430 309
430 310
430 311
430 312
430 313
431 313
431 314
431 315
431 316
431 317
431 318
431 319
431 320
431 321
431 322
431 323
431 324
431 325
431 326
431 327
431 328
431 329
431 330
431 331
432 331
432 332
432 333
432 334
432 335
432 336
432 337
432 338
432 339
432 340
432 341
432 342
432 343
432 344
432 345
432 346
432 347
432 348
433 348
433 349
433 350
433 351
433 352
433 353
433 354
433 355
433 356
433 357
433 358
433 359
433 360
433 361
433 362
433 363
433 364
433 365
433 366
434 366
-1 -1
