pixel
list: 0
389 309
389 308
389 307
389 306
389 305
389 304
389 303
389 302
389 301
389 300
389 299
389 298
389 297
389 296
389 295
389 294
389 293
389 292
389 291
389 290
389 289
389 288
389 287
389 286
389 285
389 284
389 283
389 282
389 281
389 280
389 279
389 278
389 277
390 277
390 276
390 275
390 274
390 273
390 272
390 271
390 270
390 269
390 268
390 267
390 266
390 265
390 264
390 263
390 262
390 261
390 260
390 259
390 258
390 257
390 256
390 255
390 254
390 253
390 252
390 251
390 250
390 249
390 248
390 247
390 246
390 245
391 245
391 244
391 243
391 242
391 241
391 240
391 239
391 238
391 237
391 236
391 235
391 234
391 233
391 232
391 231
391 230
391 229
391 228
391 227
391 226
391 225
391 224
391 223
391 222
391 221
391 220
391 219
391 218
391 217
391 216
391 215
391 214
391 213
392 213
392 213
393 213
394 213
395 213
396 213
397 213
398 213
399 213
400 213
401 213
402 213
403 213
404 213
405 213
406 213
407 213
408 213
409 213
410 213
411 213
411 212
412 212
413 212
414 212
415 212
416 212
417 212
418 212
419 212
420 212
421 212
422 212
423 212
424 212
425 212
426 212
427 212
428 212
429 212
430 212
430 211
431 211
431 211
431 212
431 213
431 214
431 215
431 216
431 217
431 218
431 219
431 220
431 221
431 222
431 223
431 224
431 225
431 226
431 227
431 228
431 229
431 230
431 231
431 232
431 233
431 234
431 235
431 236
431 237
431 238
431 239
431 240
431 241
431 242
431 243
431 244
431 245
431 246
431 247
431 248
431 249
431 250
431 251
431 252
431 253
431 254
431 255
431 256
431 257
431 258
431 259
431 260
431 261
431 262
431 263
431 264
431 265
431 266
431 267
431 268
431 269
431 270
431 271
431 272
431 273
431 274
431 275
431 276
431 277
431 278
431 279
431 280
431 281
431 282
431 283
431 284
431 285
431 286
431 287
431 288
431 289
431 290
431 291
431 292
431 293
431 294
431 295
431 296
431 297
431 298
431 299
431 300
431 301
431 302
431 303
431 304
431 305
431 306
431 307
431 308
431 309
431 310
431 311
431 312
431 313
431 314
431 315
431 316
431 317
431 318
431 319
431 320
431 321
431 322
431 323
431 324
431 325
431 326
431 327
431 328
431 329
431 330
431 331
431 332
431 333
431 334
431 335
431 336
431 337
431 338
431 339
431 340
431 341
431 342
431 343
431 344
431 345
431 346
431 347
431 348
431 349
431 350
431 351
431 351
431 351
430 351
430 352
429 352
429 352
428 352
428 351
427 351
426 351
426 350
425 350
424 350
424 349
423 349
422 349
422 348
421 348
420 348
420 347
419 347
418 347
418 346
417 346
416 346
416 345
415 345
414 345
414 344
413 344
413 344
412 344
412 343
411 343
410 343
410 342
409 342
408 342
408 341
407 341
406 341
406 340
405 340
404 340
404 339
403 339
402 339
402 338
401 338
401 337
400 337
399 337
399 336
398 336
397 336
397 335
396 335
395 335
395 334
394 334
393 334
393 333
392 333
391 333
391 332
390 332
390 331
389 331
389 331
389 330
389 329
389 328
389 327
389 326
389 325
389 324
389 323
389 322
389 321
389 320
389 319
389 318
389 317
389 316
389 315
389 314
389 313
389 312
389 311
389 310
389 309
389 309
-1 -1
