pixel
list: 311
389 311
389 311
389 311
389 310
389 309
389 308
389 307
389 306
389 305
389 304
389 303
389 302
389 301
389 300
389 299
389 298
389 297
389 296
389 295
389 294
389 293
389 292
389 291
389 290
389 289
389 288
389 287
389 286
389 285
389 284
389 283
389 282
389 281
389 280
389 279
389 278
389 277
389 276
389 275
389 274
389 273
389 272
389 271
389 270
389 269
389 268
389 267
389 266
389 265
389 264
389 263
389 262
389 261
389 260
389 259
389 258
389 257
389 256
389 255
389 254
389 253
389 252
389 251
389 250
389 249
389 248
389 247
389 246
389 245
389 244
389 243
389 242
389 241
389 240
389 239
389 238
389 237
389 236
389 235
389 234
389 233
389 232
389 231
389 230
389 229
389 228
389 227
389 227
389 227
389 226
389 225
389 224
389 223
389 223
389 223
389 222
389 221
389 221
389 221
389 220
389 219
389 219
389 219
389 218
389 218
389 218
389 217
389 217
389 217
389 216
389 216
389 216
389 215
389 215
389 215
389 215
389 215
389 215
389 214
389 214
389 214
389 214
389 214
389 214
389 213
389 213
389 213
389 213
389 213
389 213
389 212
389 212
389 212
389 212
390 212
390 212
390 212
390 212
390 212
390 212
390 212
390 212
390 211
390 211
390 211
390 211
390 211
390 211
390 211
391 211
391 211
391 211
391 211
391 211
391 211
392 211
392 211
392 211
392 211
392 211
393 211
393 211
394 211
394 211
395 211
396 211
397 211
398 211
398 211
399 211
399 211
400 211
401 211
402 211
403 211
404 211
405 211
406 211
407 211
408 211
409 211
410 211
411 211
412 211
413 211
414 211
415 211
416 211
417 211
418 211
419 211
420 211
421 211
422 211
423 211
424 211
424 211
425 211
425 211
426 211
426 211
427 211
427 211
427 211
427 211
427 211
427 211
428 211
428 211
428 211
428 211
428 211
428 211
428 211
428 211
428 211
429 211
429 211
429 212
429 212
429 212
429 212
429 212
429 212
429 212
429 212
429 212
429 212
430 212
430 212
430 213
430 213
430 213
430 213
430 213
430 213
430 214
430 214
430 214
430 214
430 214
430 214
430 215
430 215
430 215
430 215
430 215
430 215
430 216
430 216
430 216
430 217
430 217
430 217
430 218
430 218
430 218
430 219
430 219
430 219
430 220
430 221
430 221
430 221
430 222
430 223
430 223
430 223
430 224
430 225
430 226
430 227
430 227
430 227
430 228
430 229
430 230
430 231
430 232
430 233
430 234
430 235
430 236
430 237
430 238
430 239
430 240
430 241
430 242
430 243
430 244
430 244
430 244
430 245
430 246
430 247
430 248
430 249
430 250
430 251
430 252
430 253
430 254
430 255
430 256
430 257
430 258
430 259
430 260
430 261
430 262
430 263
430 264
430 265
430 266
430 267
430 268
430 269
430 270
430 271
430 272
430 273
430 274
430 275
430 276
430 277
430 278
430 279
430 280
430 281
430 282
430 283
430 284
430 285
430 286
430 287
430 288
430 289
430 290
430 291
430 292
430 293
430 294
430 295
430 296
430 297
430 298
430 299
430 300
430 301
430 302
430 303
430 304
430 305
430 306
430 307
430 308
430 309
430 310
430 311
430 312
430 313
430 314
430 315
430 316
430 317
430 318
430 319
430 320
430 321
430 322
430 323
430 324
430 325
430 326
430 327
430 328
430 328
430 328
430 329
430 330
430 331
430 332
430 332
430 332
430 333
430 334
430 334
430 334
430 335
430 336
430 336
430 336
430 337
430 337
430 337
430 338
430 338
430 338
430 339
430 339
430 339
430 340
430 340
430 340
430 340
430 340
430 340
430 341
430 341
430 341
430 341
430 341
430 341
430 342
430 342
430 342
430 342
430 342
430 342
430 343
430 343
430 343
430 343
429 343
429 343
429 343
429 343
429 343
429 343
429 343
429 343
429 344
429 344
429 344
429 344
429 344
429 344
429 344
428 344
428 344
428 344
428 344
428 344
428 344
427 344
427 344
427 344
427 344
427 344
426 344
426 344
425 344
425 344
424 344
423 344
422 344
421 344
421 344
420 344
420 344
419 344
418 344
417 344
416 344
415 344
414 344
413 344
412 344
411 344
410 344
409 344
408 344
407 344
406 344
405 344
404 344
403 344
402 344
401 344
400 344
399 344
398 344
397 344
396 344
395 344
395 344
394 344
394 344
393 344
393 344
392 344
392 344
392 344
392 344
392 344
392 344
391 344
391 344
391 344
391 344
391 344
391 344
391 344
391 344
391 344
390 344
390 344
390 343
390 343
390 343
390 343
390 343
390 343
390 343
390 343
390 343
390 343
389 343
389 343
389 342
389 342
389 342
389 342
389 342
389 342
389 341
389 341
389 341
389 341
389 341
389 341
389 340
389 340
389 340
389 340
389 340
389 340
389 339
389 339
389 339
389 338
389 338
389 338
389 337
389 337
389 337
389 336
389 336
389 336
389 335
389 334
389 334
389 334
389 333
389 332
389 332
389 332
389 331
389 330
389 329
389 328
389 328
-1 -1
list: -1
-1 -1
