pixel
list: 325
91 325
91 325
91 325
92 325
93 325
94 325
95 325
96 325
97 325
98 325
99 325
100 325
101 325
102 325
102 325
103 325
103 325
104 325
105 325
106 325
107 325
108 325
109 325
110 325
111 325
112 325
113 325
114 325
114 324
115 324
115 324
116 324
117 324
118 324
119 324
120 324
121 324
122 324
123 324
124 324
125 324
125 324
126 324
126 324
127 324
128 324
129 324
130 324
131 324
132 324
133 324
134 324
135 324
135 323
136 323
136 323
137 323
138 323
139 323
140 323
141 323
142 323
143 323
143 323
144 323
144 323
145 323
146 323
147 323
148 323
149 323
150 323
151 323
151 322
152 322
152 322
153 322
154 322
155 322
156 322
157 322
157 322
158 322
158 322
159 322
160 322
161 322
162 322
162 322
163 322
163 322
164 322
165 322
166 322
166 321
167 321
167 321
168 321
168 321
169 321
169 321
169 321
170 321
170 321
170 321
171 321
171 321
171 322
172 322
172 322
173 322
173 323
174 323
174 323
175 323
175 324
176 324
176 325
177 325
177 325
178 325
178 326
179 326
180 326
180 327
181 327
181 328
182 328
182 328
183 328
183 329
184 329
184 330
185 330
185 331
186 331
186 332
187 332
187 332
188 332
188 333
189 333
190 333
190 334
191 334
192 334
192 335
193 335
193 336
194 336
194 336
195 336
195 337
196 337
197 337
197 338
198 338
199 338
199 339
200 339
201 339
201 340
202 340
202 340
203 340
203 341
204 341
205 341
205 342
206 342
207 342
207 343
208 343
209 343
209 344
210 344
210 345
211 345
211 345
212 345
212 346
213 346
213 347
214 347
215 347
215 348
216 348
216 349
217 349
218 349
218 350
219 350
219 351
220 351
220 351
221 351
221 352
222 352
223 352
223 353
224 353
225 353
225 354
226 354
227 354
227 355
228 355
229 355
229 356
230 356
230 356
231 356
231 357
232 357
233 357
233 358
234 358
235 358
235 359
236 359
237 359
237 360
238 360
239 360
239 361
240 361
240 362
241 362
241 362
242 362
242 363
243 363
244 363
244 364
245 364
246 364
246 365
247 365
248 365
248 366
249 366
250 366
250 367
251 367
251 368
252 368
252 368
253 368
253 369
254 369
255 369
255 370
256 370
257 370
257 371
258 371
259 371
259 372
260 372
261 372
261 373
262 373
262 374
263 374
263 374
264 374
264 375
265 375
266 375
266 376
267 376
268 376
268 377
269 377
270 377
270 378
271 378
272 378
272 379
273 379
273 380
274 380
274 380
275 380
275 381
276 381
277 381
277 382
278 382
279 382
279 383
280 383
281 383
281 384
282 384
283 384
283 385
284 385
284 386
285 386
285 386
286 386
286 387
287 387
288 387
288 388
289 388
290 388
290 389
291 389
292 389
292 390
293 390
294 390
294 391
295 391
295 391
296 391
296 392
297 392
298 392
298 393
299 393
300 393
300 394
301 394
302 394
302 395
303 395
304 395
304 396
305 396
305 396
306 396
306 397
307 397
308 397
308 398
309 398
309 399
310 399
311 399
311 400
312 400
312 401
313 401
313 401
314 401
314 402
315 402
316 402
316 403
317 403
318 403
318 404
319 404
320 404
320 405
321 405
321 405
322 405
323 405
323 406
324 406
325 406
325 407
326 407
327 407
327 408
328 408
328 408
329 408
330 408
330 409
331 409
332 409
332 410
333 410
333 410
334 410
335 410
335 411
336 411
337 411
337 412
338 412
338 412
338 413
339 413
339 414
340 414
340 414
341 414
341 414
342 414
342 414
342 414
342 414
342 414
341 414
341 414
340 414
340 414
339 414
338 414
337 414
337 414
336 414
336 414
335 414
334 414
333 414
332 414
332 414
331 414
331 414
330 414
329 414
328 414
327 414
326 414
326 414
325 414
325 414
324 414
323 414
322 414
321 414
320 414
319 414
318 414
318 413
317 413
317 413
316 413
315 413
314 413
313 413
312 413
311 413
310 413
309 413
309 413
308 413
308 413
307 413
306 413
305 413
304 413
303 413
302 413
301 413
300 413
299 413
299 413
298 413
298 413
297 413
296 413
295 413
294 413
293 413
292 413
291 413
290 413
289 413
288 413
288 413
287 413
287 413
286 413
285 413
284 413
283 413
282 413
281 413
280 413
279 413
278 413
277 413
276 413
276 413
275 413
275 413
274 413
273 413
272 413
271 413
270 413
269 413
268 413
267 413
266 413
265 413
264 413
264 413
263 413
263 413
262 413
261 413
260 413
259 413
258 413
257 413
256 413
255 413
254 413
253 413
252 413
252 414
251 414
251 414
250 414
249 414
248 414
247 414
246 414
245 414
244 414
243 414
242 414
241 414
240 414
239 414
239 414
238 414
238 414
237 414
236 414
235 414
234 414
233 414
232 414
231 414
230 414
229 414
228 414
227 414
227 414
226 414
226 414
225 414
224 414
223 414
222 414
221 414
220 414
219 414
218 414
217 414
216 414
215 414
215 414
214 414
214 414
213 414
212 414
211 414
210 414
209 414
208 414
207 414
206 414
205 414
204 414
203 414
203 415
202 415
202 415
201 415
200 415
199 415
198 415
197 415
196 415
195 415
194 415
193 415
192 415
192 415
191 415
191 415
190 415
189 415
188 415
187 415
186 415
185 415
184 415
183 415
182 415
182 416
181 416
181 416
180 416
179 416
178 416
177 416
176 416
175 416
174 416
174 416
173 416
173 416
172 416
171 416
170 416
169 416
168 416
167 416
166 416
166 417
165 417
165 417
164 417
163 417
162 417
161 417
160 417
160 417
159 417
159 417
158 417
157 417
156 417
155 417
155 417
154 417
154 417
153 417
152 417
151 417
151 418
150 418
150 418
149 418
149 418
148 418
148 418
148 418
147 418
147 418
147 418
146 418
146 418
146 417
145 417
145 417
144 417
144 416
143 416
143 416
142 416
142 415
141 415
141 414
140 414
140 414
139 414
139 413
138 413
137 413
137 412
136 412
136 411
135 411
135 411
134 411
134 410
133 410
133 409
132 409
132 408
131 408
131 407
130 407
130 407
129 407
129 406
128 406
127 406
127 405
126 405
125 405
125 404
124 404
124 403
123 403
123 403
122 403
122 402
121 402
120 402
120 401
119 401
118 401
118 400
117 400
116 400
116 399
115 399
115 399
114 399
114 398
113 398
112 398
112 397
111 397
110 397
110 396
109 396
108 396
108 395
107 395
107 394
106 394
106 394
105 394
105 393
104 393
104 392
103 392
102 392
102 391
101 391
101 390
100 390
99 390
99 389
98 389
98 388
97 388
97 388
96 388
96 387
95 387
94 387
94 386
93 386
92 386
92 385
91 385
90 385
90 384
89 384
88 384
88 383
87 383
87 383
86 383
86 382
85 382
84 382
84 381
83 381
82 381
82 380
81 380
80 380
80 379
79 379
78 379
78 378
77 378
77 377
76 377
76 377
75 377
75 376
74 376
73 376
73 375
72 375
71 375
71 374
70 374
69 374
69 373
68 373
67 373
67 372
66 372
66 371
65 371
65 371
64 371
64 370
63 370
62 370
62 369
61 369
60 369
60 368
59 368
58 368
58 367
57 367
56 367
56 366
55 366
55 365
54 365
54 365
53 365
53 364
52 364
51 364
51 363
50 363
49 363
49 362
48 362
47 362
47 361
46 361
45 361
45 360
44 360
44 359
43 359
43 359
42 359
42 358
41 358
40 358
40 357
39 357
38 357
38 356
37 356
36 356
36 355
35 355
34 355
34 354
33 354
33 353
32 353
32 353
31 353
31 352
30 352
29 352
29 351
28 351
27 351
27 350
26 350
25 350
25 349
24 349
23 349
23 348
22 348
22 348
21 348
21 347
20 347
19 347
19 346
18 346
17 346
17 345
16 345
15 345
15 344
14 344
13 344
13 343
12 343
12 343
11 343
11 342
10 342
9 342
9 341
8 341
8 340
7 340
6 340
6 339
5 339
5 338
4 338
4 338
3 338
3 337
2 337
1 337
1 336
0 336
-1 0
list: 335
-2 335
-2 334
-3 334
-3 334
-4 334
-5 334
-5 333
-6 333
-7 333
-7 332
-8 332
-9 332
-9 331
-10 331
-10 331
-11 331
-12 331
-12 330
-13 330
-14 330
-14 329
-15 329
-15 329
-16 329
-17 329
-17 328
-18 328
-19 328
-19 327
-20 327
-20 327
-20 326
-21 326
-21 325
-22 325
-22 325
-23 325
-23 325
-24 325
-24 325
-24 325
-24 325
-24 325
-23 325
-23 325
-22 325
-22 325
-21 325
-20 325
-19 325
-19 325
-18 325
-18 325
-17 325
-16 325
-15 325
-14 325
-14 325
-13 325
-13 325
-12 325
-11 325
-10 325
-9 325
-8 325
-8 325
-7 325
-7 325
-6 325
-5 325
-4 325
-3 325
-2 325
-1 0
list: 326
0 326
0 326
1 326
2 326
3 326
4 326
5 326
6 326
7 326
8 326
8 326
9 326
9 326
10 326
11 326
12 326
13 326
14 326
15 326
16 326
17 326
18 326
18 326
19 326
19 326
20 326
21 326
22 326
23 326
24 326
25 326
26 326
27 326
28 326
29 326
29 326
30 326
30 326
31 326
32 326
33 326
34 326
35 326
36 326
37 326
38 326
39 326
40 326
41 326
41 326
42 326
42 326
43 326
44 326
45 326
46 326
47 326
48 326
49 326
50 326
51 326
52 326
53 326
53 326
54 326
54 326
55 326
56 326
57 326
58 326
59 326
60 326
61 326
62 326
63 326
64 326
65 326
65 325
66 325
66 325
67 325
68 325
69 325
70 325
71 325
72 325
73 325
74 325
75 325
76 325
77 325
78 325
78 325
79 325
-1 -1
list: -1
-1 -1
