pixel
list: 0
300 364
300 365
300 366
300 367
300 368
300 369
300 370
300 371
300 372
300 373
300 374
300 375
299 375
299 376
299 377
299 378
299 379
299 380
299 381
299 382
299 383
299 384
299 385
299 386
298 386
298 387
298 388
298 389
298 390
298 391
298 392
298 393
298 394
298 395
298 396
298 397
298 398
297 398
297 399
297 400
297 401
297 402
297 403
297 404
297 405
297 406
297 407
297 408
297 409
296 409
296 410
296 411
296 412
296 413
296 414
296 415
296 416
296 417
296 418
296 419
296 420
296 421
295 421
295 421
294 421
293 421
292 421
291 421
290 421
289 421
288 421
287 421
286 421
285 421
284 421
284 420
283 420
282 420
281 420
280 420
279 420
278 420
277 420
276 420
275 420
274 420
273 420
272 420
272 419
271 419
270 419
269 419
268 419
267 419
266 419
265 419
264 419
263 419
262 419
261 419
260 419
260 418
259 418
258 418
257 418
256 418
255 418
254 418
253 418
252 418
251 418
250 418
249 418
249 417
248 417
247 417
246 417
245 417
244 417
243 417
242 417
241 417
240 417
239 417
238 417
237 417
237 416
236 416
235 416
234 416
233 416
232 416
231 416
230 416
229 416
228 416
227 416
226 416
225 416
225 415
224 415
223 415
222 415
221 415
220 415
219 415
218 415
217 415
216 415
215 415
214 415
213 415
213 414
212 414
211 414
210 414
209 414
208 414
207 414
206 414
205 414
204 414
203 414
202 414
202 413
201 413
200 413
199 413
198 413
197 413
196 413
195 413
194 413
193 413
192 413
191 413
190 413
190 412
189 412
188 412
187 412
186 412
185 412
184 412
183 412
182 412
181 412
180 412
179 412
178 412
178 411
177 411
176 411
175 411
174 411
173 411
172 411
171 411
170 411
169 411
168 411
167 411
166 411
166 410
165 410
164 410
163 410
162 410
161 410
160 410
159 410
158 410
157 410
156 410
155 410
155 409
154 409
153 409
152 409
151 409
150 409
149 409
148 409
147 409
146 409
145 409
144 409
143 409
143 408
142 408
141 408
140 408
139 408
138 408
137 408
136 408
135 408
134 408
133 408
132 408
131 408
131 407
130 407
129 407
128 407
127 407
126 407
125 407
124 407
123 407
122 407
121 407
120 407
119 407
119 406
118 406
117 406
116 406
115 406
114 406
113 406
112 406
111 406
110 406
109 406
108 406
108 405
107 405
107 405
107 404
107 403
107 402
107 401
107 400
107 399
107 398
107 397
107 396
107 395
107 394
107 393
107 392
107 391
108 391
108 390
108 389
108 388
108 387
108 386
108 385
108 384
108 383
108 382
108 381
108 380
108 379
108 378
108 377
109 377
109 376
109 375
109 374
109 373
109 372
109 371
109 370
109 369
109 368
109 367
109 366
109 365
109 364
109 363
110 363
110 362
110 361
110 360
110 359
110 358
110 357
110 356
110 355
110 354
110 353
110 352
110 351
110 350
110 349
111 349
111 349
112 349
113 349
114 349
115 349
116 349
117 349
118 349
119 349
120 349
121 349
122 349
123 349
123 350
124 350
125 350
126 350
127 350
128 350
129 350
130 350
131 350
132 350
133 350
134 350
135 350
136 350
136 351
137 351
138 351
139 351
140 351
141 351
142 351
143 351
144 351
145 351
146 351
147 351
148 351
148 352
149 352
150 352
151 352
152 352
153 352
154 352
155 352
156 352
157 352
158 352
159 352
160 352
161 352
161 353
162 353
163 353
164 353
165 353
166 353
167 353
168 353
169 353
170 353
171 353
172 353
173 353
173 354
174 354
175 354
176 354
177 354
178 354
179 354
180 354
181 354
182 354
183 354
184 354
185 354
186 354
186 355
187 355
188 355
189 355
190 355
191 355
192 355
193 355
194 355
195 355
196 355
197 355
198 355
199 355
199 356
200 356
201 356
202 356
203 356
204 356
205 356
206 356
207 356
208 356
209 356
210 356
211 356
211 357
212 357
213 357
214 357
215 357
216 357
217 357
218 357
219 357
220 357
221 357
222 357
223 357
224 357
224 358
225 358
226 358
227 358
228 358
229 358
230 358
231 358
232 358
233 358
234 358
235 358
236 358
236 359
237 359
238 359
239 359
240 359
241 359
242 359
243 359
244 359
245 359
246 359
247 359
248 359
249 359
249 360
250 360
251 360
252 360
253 360
254 360
255 360
256 360
257 360
258 360
259 360
260 360
261 360
262 360
262 361
263 361
264 361
265 361
266 361
267 361
268 361
269 361
270 361
271 361
272 361
273 361
274 361
274 362
275 362
276 362
277 362
278 362
279 362
280 362
281 362
282 362
283 362
284 362
285 362
286 362
287 362
287 363
288 363
289 363
290 363
291 363
292 363
293 363
294 363
295 363
296 363
297 363
298 363
299 363
299 364
300 364
-1 -1
