pixel
list: 0
196 337
197 337
198 337
199 337
199 337
200 337
200 337
201 337
202 337
203 337
203 338
204 338
204 338
205 338
205 339
206 339
207 339
207 340
208 340
209 340
209 341
210 341
211 341
211 342
212 342
213 342
213 343
214 343
214 344
215 344
216 344
216 345
217 345
218 345
218 346
219 346
220 346
220 347
221 347
222 347
222 348
223 348
223 349
224 349
225 349
225 350
226 350
227 350
227 351
228 351
229 351
229 352
230 352
231 352
231 353
232 353
233 353
233 354
234 354
234 355
235 355
236 355
236 356
237 356
238 356
238 357
239 357
240 357
240 358
241 358
242 358
242 359
243 359
243 360
244 360
245 360
245 361
246 361
247 361
247 362
248 362
249 362
249 363
250 363
251 363
251 364
252 364
253 364
253 365
254 365
254 366
255 366
256 366
256 367
257 367
258 367
258 368
259 368
260 368
260 369
261 369
262 369
262 370
263 370
263 371
264 371
265 371
265 372
266 372
267 372
267 373
268 373
269 373
269 374
270 374
271 374
271 375
272 375
272 376
273 376
274 376
274 377
275 377
276 377
276 378
277 378
278 378
278 379
279 379
280 379
280 380
281 380
282 380
282 381
283 381
283 382
284 382
285 382
285 383
286 383
287 383
287 384
288 384
289 384
289 385
290 385
291 385
291 386
292 386
292 387
293 387
294 387
294 388
295 388
296 388
296 389
297 389
298 389
298 390
299 390
300 390
300 391
301 391
302 391
302 392
303 392
303 393
304 393
305 393
305 394
306 394
307 394
307 395
308 395
309 395
309 396
310 396
311 396
311 397
312 397
312 398
313 398
314 398
314 399
315 399
316 399
316 400
317 400
318 400
318 401
319 401
320 401
320 402
321 402
321 403
322 403
322 403
322 404
323 404
323 405
324 405
324 406
324 407
325 407
325 407
325 408
325 409
325 410
325 411
326 411
326 411
326 412
325 412
325 413
325 414
324 414
324 414
323 414
322 414
321 414
320 414
319 414
318 414
317 414
316 414
315 414
314 414
313 414
312 414
311 414
310 414
309 414
308 414
307 414
306 414
305 414
304 414
303 414
302 414
301 414
300 414
299 414
298 414
297 414
296 414
295 414
294 414
293 414
292 414
291 414
290 414
289 414
288 414
287 414
286 414
285 414
284 414
283 414
282 414
281 414
280 414
279 414
278 414
277 414
276 414
275 414
274 414
273 414
272 414
271 414
270 414
269 414
268 414
267 414
266 414
265 414
264 414
263 414
262 414
261 414
260 414
259 414
258 414
257 414
256 414
255 414
254 414
253 414
252 414
251 414
250 414
249 414
248 414
247 414
246 414
245 414
244 414
243 414
242 414
241 414
240 414
239 414
238 414
237 414
236 414
235 414
234 414
233 414
232 414
231 414
230 414
229 414
228 414
227 414
226 414
225 414
224 414
223 414
222 414
221 414
220 414
219 414
218 414
217 414
216 414
215 414
214 414
213 414
212 414
211 414
210 414
209 414
208 414
207 414
206 414
205 414
204 414
203 414
202 414
201 414
200 414
199 414
198 414
197 414
196 414
195 414
194 414
193 414
192 414
191 414
190 414
189 414
188 414
187 414
186 414
185 414
184 414
183 414
182 414
181 414
180 414
179 414
178 414
177 414
176 414
175 414
174 414
173 414
172 414
171 414
170 414
169 414
168 414
167 414
166 414
165 414
164 414
163 414
162 414
161 414
160 414
159 414
158 414
157 414
156 414
155 414
154 414
153 414
152 414
151 414
150 414
149 414
148 414
147 414
146 414
145 414
144 414
143 414
142 414
141 414
140 414
139 414
138 414
137 414
136 414
135 414
134 414
133 414
132 414
131 414
130 414
129 414
128 414
127 414
126 414
125 414
124 414
123 414
122 414
121 414
120 414
119 414
118 414
117 414
116 414
115 414
114 414
113 414
112 414
111 414
110 414
109 414
108 414
107 414
106 414
105 414
105 415
104 415
104 415
103 415
102 415
101 415
100 415
99 415
98 415
97 415
97 415
96 415
96 415
95 415
94 415
93 415
93 414
92 414
92 414
92 413
92 412
92 411
92 410
91 410
91 410
91 409
91 408
91 407
91 406
92 406
92 406
92 405
93 405
93 404
94 404
94 403
94 402
95 402
95 402
96 402
96 401
97 401
98 401
98 400
99 400
99 399
100 399
101 399
101 398
102 398
102 397
103 397
104 397
104 396
105 396
105 395
106 395
107 395
107 394
108 394
108 393
109 393
110 393
110 392
111 392
112 392
112 391
113 391
113 390
114 390
115 390
115 389
116 389
116 388
117 388
118 388
118 387
119 387
119 386
120 386
121 386
121 385
122 385
122 384
123 384
124 384
124 383
125 383
126 383
126 382
127 382
127 381
128 381
129 381
129 380
130 380
130 379
131 379
132 379
132 378
133 378
133 377
134 377
135 377
135 376
136 376
136 375
137 375
138 375
138 374
139 374
140 374
140 373
141 373
141 372
142 372
143 372
143 371
144 371
144 370
145 370
146 370
146 369
147 369
147 368
148 368
149 368
149 367
150 367
150 366
151 366
152 366
152 365
153 365
154 365
154 364
155 364
155 363
156 363
157 363
157 362
158 362
158 361
159 361
160 361
160 360
161 360
161 359
162 359
163 359
163 358
164 358
164 357
165 357
166 357
166 356
167 356
168 356
168 355
169 355
169 354
170 354
171 354
171 353
172 353
172 352
173 352
174 352
174 351
175 351
175 350
176 350
177 350
177 349
178 349
178 348
179 348
180 348
180 347
181 347
182 347
182 346
183 346
183 345
184 345
185 345
185 344
186 344
186 343
187 343
188 343
188 342
189 342
189 341
190 341
191 341
191 340
192 340
192 339
193 339
194 339
194 338
195 338
195 337
196 337
-1 -1
