pixel
list: 0
185 322
186 322
186 323
187 323
188 323
188 324
189 324
189 325
190 325
191 325
191 326
192 326
192 327
193 327
194 327
194 328
195 328
196 328
196 329
197 329
197 330
198 330
199 330
199 331
200 331
200 332
201 332
202 332
202 333
203 333
204 333
204 334
205 334
205 335
206 335
207 335
207 336
208 336
208 337
209 337
210 337
210 338
211 338
212 338
212 339
213 339
213 340
214 340
215 340
215 341
216 341
216 342
217 342
218 342
218 343
219 343
219 344
220 344
221 344
221 345
222 345
223 345
223 346
224 346
224 347
225 347
226 347
226 348
227 348
227 349
228 349
229 349
229 350
230 350
231 350
231 351
232 351
232 352
233 352
234 352
234 353
235 353
235 354
236 354
237 354
237 355
238 355
239 355
239 356
240 356
240 357
241 357
242 357
242 358
243 358
243 359
244 359
245 359
245 360
246 360
246 361
247 361
248 361
248 362
249 362
250 362
250 363
251 363
251 364
252 364
253 364
253 365
254 365
254 366
255 366
256 366
256 367
257 367
258 367
258 368
259 368
259 369
260 369
261 369
261 370
262 370
262 371
263 371
264 371
264 372
265 372
266 372
266 373
267 373
267 374
268 374
269 374
269 375
270 375
270 376
271 376
272 376
272 377
273 377
274 377
274 378
275 378
275 379
276 379
277 379
277 380
278 380
278 381
279 381
280 381
280 382
281 382
281 383
282 383
283 383
283 384
284 384
285 384
285 385
286 385
286 386
287 386
288 386
288 387
289 387
289 388
290 388
291 388
291 389
292 389
293 389
293 390
294 390
294 391
295 391
296 391
296 392
297 392
297 393
298 393
299 393
299 394
300 394
301 394
301 395
302 395
302 396
303 396
304 396
304 397
305 397
305 398
306 398
307 398
307 399
308 399
308 400
309 400
310 400
310 401
311 401
312 401
312 402
313 402
313 403
314 403
315 403
315 404
316 404
316 405
317 405
318 405
318 406
319 406
320 406
320 407
321 407
321 408
322 408
323 408
323 409
324 409
324 410
325 410
326 410
326 411
327 411
328 411
328 412
329 412
329 413
330 413
331 413
331 414
332 414
332 415
333 415
334 415
334 416
335 416
335 417
336 417
336 417
335 417
334 417
333 417
332 417
331 417
330 417
329 417
328 417
327 417
326 417
325 417
324 417
323 417
322 417
321 417
320 417
319 417
318 417
317 417
316 417
315 417
314 417
313 417
312 417
311 417
310 417
309 417
308 417
307 417
306 417
305 417
304 417
303 417
302 417
301 417
300 417
299 417
298 417
297 417
296 417
295 417
294 417
293 417
292 417
291 417
290 417
289 417
288 417
287 417
286 417
285 417
284 417
283 417
282 417
281 417
280 417
279 417
278 417
277 417
276 417
275 417
274 417
273 417
272 417
271 417
270 417
269 417
268 417
267 417
266 417
265 417
264 417
263 417
262 417
261 417
260 417
259 417
258 417
257 417
256 417
255 417
254 417
254 416
253 416
252 416
251 416
250 416
249 416
248 416
247 416
246 416
245 416
244 416
243 416
242 416
241 416
240 416
239 416
238 416
237 416
236 416
235 416
234 416
233 416
232 416
231 416
230 416
229 416
228 416
227 416
226 416
225 416
224 416
223 416
222 416
221 416
220 416
219 416
218 416
217 416
216 416
215 416
214 416
213 416
212 416
211 416
210 416
209 416
208 416
207 416
206 416
205 416
204 416
203 416
202 416
201 416
200 416
199 416
198 416
197 416
196 416
195 416
194 416
193 416
192 416
191 416
190 416
189 416
188 416
187 416
186 416
185 416
184 416
183 416
182 416
181 416
180 416
179 416
178 416
177 416
176 416
175 416
174 416
173 416
172 416
171 416
171 415
170 415
169 415
168 415
167 415
166 415
165 415
164 415
163 415
162 415
161 415
160 415
159 415
158 415
157 415
156 415
155 415
154 415
153 415
152 415
151 415
150 415
149 415
148 415
147 415
146 415
145 415
144 415
143 415
142 415
141 415
140 415
139 415
138 415
137 415
136 415
135 415
134 415
133 415
132 415
131 415
130 415
129 415
128 415
127 415
126 415
125 415
124 415
123 415
122 415
121 415
120 415
119 415
118 415
117 415
116 415
115 415
114 415
113 415
112 415
111 415
110 415
109 415
108 415
107 415
106 415
105 415
104 415
103 415
102 415
101 415
100 415
99 415
98 415
97 415
96 415
95 415
94 415
93 415
92 415
91 415
90 415
89 415
89 414
88 414
88 414
89 414
89 413
90 413
90 412
91 412
91 411
92 411
92 410
93 410
93 409
94 409
94 408
95 408
95 407
96 407
96 406
97 406
97 405
98 405
98 404
99 404
99 403
100 403
100 402
101 402
101 401
102 401
102 400
103 400
103 399
104 399
104 398
105 398
105 397
106 397
106 396
107 396
108 396
108 395
109 395
109 394
110 394
110 393
111 393
111 392
112 392
112 391
113 391
113 390
114 390
114 389
115 389
115 388
116 388
116 387
117 387
117 386
118 386
118 385
119 385
119 384
120 384
120 383
121 383
121 382
122 382
122 381
123 381
123 380
124 380
124 379
125 379
125 378
126 378
127 378
127 377
128 377
128 376
129 376
129 375
130 375
130 374
131 374
131 373
132 373
132 372
133 372
133 371
134 371
134 370
135 370
135 369
136 369
136 368
137 368
137 367
138 367
138 366
139 366
139 365
140 365
140 364
141 364
141 363
142 363
142 362
143 362
143 361
144 361
144 360
145 360
145 359
146 359
147 359
147 358
148 358
148 357
149 357
149 356
150 356
150 355
151 355
151 354
152 354
152 353
153 353
153 352
154 352
154 351
155 351
155 350
156 350
156 349
157 349
157 348
158 348
158 347
159 347
159 346
160 346
160 345
161 345
161 344
162 344
162 343
163 343
163 342
164 342
164 341
165 341
166 341
166 340
167 340
167 339
168 339
168 338
169 338
169 337
170 337
170 336
171 336
171 335
172 335
172 334
173 334
173 333
174 333
174 332
175 332
175 331
176 331
176 330
177 330
177 329
178 329
178 328
179 328
179 327
180 327
180 326
181 326
181 325
182 325
182 324
183 324
183 323
184 323
184 322
185 322
-1 -1
