pixel
list: 0
45 464
45 463
45 462
44 462
44 461
44 460
43 460
43 459
43 458
42 458
42 457
42 456
41 456
41 455
41 454
41 453
40 453
40 452
40 451
39 451
39 450
39 449
38 449
38 448
38 447
37 447
37 446
37 445
37 444
36 444
36 443
36 442
35 442
35 441
35 440
34 440
34 439
34 438
33 438
33 437
33 436
32 436
32 435
32 434
32 433
31 433
31 432
31 431
30 431
30 430
30 429
29 429
29 428
29 427
28 427
28 426
28 425
28 424
27 424
27 423
27 422
26 422
26 421
26 420
25 420
25 419
25 418
24 418
24 417
24 416
23 416
23 415
23 414
23 413
22 413
22 412
22 411
21 411
21 410
21 409
20 409
20 408
20 407
19 407
19 406
19 405
19 404
18 404
18 403
18 402
17 402
17 401
17 400
16 400
16 399
16 398
15 398
15 397
15 396
14 396
14 395
14 394
14 393
13 393
13 392
13 391
12 391
12 390
12 389
11 389
11 388
11 387
10 387
10 386
10 385
10 384
9 384
9 383
9 382
8 382
8 381
8 380
7 380
7 379
7 378
6 378
6 377
6 376
5 376
5 375
5 374
5 373
4 373
4 372
4 371
3 371
3 370
3 369
2 369
2 368
2 367
1 367
1 366
1 365
1 364
0 364
0 363
0 362
-1 362
-1 361
-1 360
-2 360
-2 359
-2 358
-3 358
-3 357
-3 356
-4 356
-4 355
-4 354
-4 353
-5 353
-5 352
-5 351
-6 351
-6 350
-6 349
-7 349
-7 348
-7 347
-8 347
-8 346
-8 345
-8 344
-9 344
-9 343
-9 342
-10 342
-10 341
-10 340
-11 340
-11 339
-11 338
-12 338
-12 337
-12 336
-13 336
-13 335
-13 334
-13 333
-14 333
-14 332
-14 331
-15 331
-15 330
-15 329
-16 329
-16 328
-16 327
-17 327
-17 326
-17 325
-17 324
-18 324
-18 324
-17 324
-16 324
-15 324
-14 324
-13 324
-12 324
-11 324
-10 324
-9 324
-8 324
-7 324
-6 324
-6 325
-5 325
-4 325
-3 325
-2 325
-1 325
0 325
1 325
2 325
3 325
4 325
5 325
6 325
7 325
7 326
8 326
9 326
10 326
11 326
12 326
13 326
14 326
15 326
16 326
17 326
18 326
19 326
20 326
20 327
21 327
22 327
23 327
24 327
25 327
26 327
27 327
28 327
29 327
30 327
31 327
32 327
33 327
33 328
34 328
35 328
36 328
37 328
38 328
39 328
40 328
41 328
42 328
43 328
44 328
45 328
46 328
46 329
47 329
48 329
49 329
50 329
51 329
52 329
53 329
54 329
55 329
56 329
57 329
58 329
59 329
59 330
60 330
61 330
62 330
63 330
64 330
65 330
66 330
67 330
68 330
69 330
70 330
71 330
72 330
72 331
73 331
74 331
75 331
76 331
77 331
78 331
79 331
80 331
81 331
82 331
83 331
84 331
85 331
85 332
86 332
87 332
88 332
89 332
90 332
91 332
92 332
93 332
94 332
95 332
96 332
97 332
98 332
98 333
99 333
100 333
101 333
102 333
103 333
104 333
105 333
106 333
107 333
108 333
109 333
110 333
111 333
111 334
112 334
113 334
114 334
115 334
116 334
117 334
118 334
119 334
120 334
121 334
122 334
123 334
124 334
124 335
125 335
126 335
127 335
128 335
129 335
130 335
131 335
132 335
133 335
134 335
135 335
136 335
137 335
137 336
138 336
139 336
140 336
141 336
142 336
143 336
144 336
145 336
146 336
147 336
148 336
149 336
150 336
150 337
151 337
152 337
153 337
154 337
155 337
156 337
157 337
158 337
159 337
160 337
161 337
162 337
163 337
163 338
164 338
165 338
166 338
167 338
168 338
169 338
170 338
171 338
172 338
173 338
174 338
175 338
176 338
176 339
177 339
178 339
179 339
180 339
181 339
182 339
183 339
184 339
185 339
186 339
187 339
188 339
189 339
189 340
190 340
190 340
189 340
189 341
188 341
188 342
187 342
187 343
186 343
186 344
185 344
185 345
184 345
183 345
183 346
182 346
182 347
181 347
181 348
180 348
180 349
179 349
179 350
178 350
178 351
177 351
176 351
176 352
175 352
175 353
174 353
174 354
173 354
173 355
172 355
172 356
171 356
171 357
170 357
169 357
169 358
168 358
168 359
167 359
167 360
166 360
166 361
165 361
165 362
164 362
164 363
163 363
162 363
162 364
161 364
161 365
160 365
160 366
159 366
159 367
158 367
158 368
157 368
157 369
156 369
155 369
155 370
154 370
154 371
153 371
153 372
152 372
152 373
151 373
151 374
150 374
150 375
149 375
148 375
148 376
147 376
147 377
146 377
146 378
145 378
145 379
144 379
144 380
143 380
143 381
142 381
141 381
141 382
140 382
140 383
139 383
139 384
138 384
138 385
137 385
137 386
136 386
136 387
135 387
134 387
134 388
133 388
133 389
132 389
132 390
131 390
131 391
130 391
130 392
129 392
129 393
128 393
127 393
127 394
126 394
126 395
125 395
125 396
124 396
124 397
123 397
123 398
122 398
122 399
121 399
120 399
120 400
119 400
119 401
118 401
118 402
117 402
117 403
116 403
116 404
115 404
114 404
114 405
113 405
113 406
112 406
112 407
111 407
111 408
110 408
110 409
109 409
109 410
108 410
107 410
107 411
106 411
106 412
105 412
105 413
104 413
104 414
103 414
103 415
102 415
102 416
101 416
100 416
100 417
99 417
99 418
98 418
98 419
97 419
97 420
96 420
96 421
95 421
95 422
94 422
93 422
93 423
92 423
92 424
91 424
91 425
90 425
90 426
89 426
89 427
88 427
88 428
87 428
86 428
86 429
85 429
85 430
84 430
84 431
83 431
83 432
82 432
82 433
81 433
81 434
80 434
79 434
79 435
78 435
78 436
77 436
77 437
76 437
76 438
75 438
75 439
74 439
74 440
73 440
72 440
72 441
71 441
71 442
70 442
70 443
69 443
69 444
68 444
68 445
67 445
67 446
66 446
65 446
65 447
64 447
64 448
63 448
63 449
62 449
62 450
61 450
61 451
60 451
60 452
59 452
58 452
58 453
57 453
57 454
56 454
56 455
55 455
55 456
54 456
54 457
53 457
53 458
52 458
51 458
51 459
50 459
50 460
49 460
49 461
48 461
48 462
47 462
47 463
46 463
46 464
45 464
-1 -1
