pixel
list: 335
1 335
1 335
1 335
1 334
2 334
2 334
2 333
2 332
2 332
2 332
2 331
3 331
3 331
3 330
3 330
3 330
3 330
4 330
4 330
4 329
5 329
5 329
5 328
6 328
6 328
6 328
7 328
7 328
7 327
8 327
8 327
8 327
9 327
9 327
10 327
10 326
11 326
11 326
12 326
12 326
13 326
13 326
14 326
14 326
15 326
15 326
16 326
16 325
17 325
17 325
18 325
19 325
19 325
20 325
20 325
21 325
22 325
22 325
23 325
23 325
24 325
25 325
26 325
26 325
27 325
27 325
28 325
29 325
30 325
31 325
32 325
33 325
33 325
34 325
34 325
35 325
36 325
37 325
38 325
39 325
40 325
41 325
42 325
43 325
44 325
45 325
46 325
47 325
48 325
49 325
50 325
51 325
52 325
53 325
54 325
55 325
56 325
57 325
58 325
59 325
60 325
61 325
62 325
63 325
64 325
65 325
66 325
67 325
68 325
69 325
70 325
71 325
72 325
73 325
74 325
75 325
76 325
77 325
78 325
79 325
80 325
81 325
82 325
83 325
84 325
85 325
86 325
87 325
88 325
89 325
90 325
91 325
92 325
93 325
94 325
95 325
96 325
97 325
98 325
99 325
99 325
100 325
100 325
101 325
102 325
103 325
104 325
105 325
106 325
107 325
108 325
109 325
110 325
111 325
112 325
113 325
114 325
115 325
116 325
116 325
117 325
117 325
118 325
119 325
120 325
121 325
122 325
122 325
123 325
123 325
124 325
125 325
126 325
126 325
127 325
127 325
128 325
129 325
129 325
130 325
130 325
131 325
132 325
132 326
133 326
133 326
134 326
134 326
135 326
135 326
136 326
136 326
137 326
137 326
137 326
138 326
138 326
139 326
139 327
140 327
140 327
140 327
141 327
141 327
141 328
142 328
142 328
142 328
143 328
143 328
143 329
144 329
144 329
144 330
145 330
145 330
145 331
146 331
146 331
146 332
146 332
146 332
146 333
147 333
147 333
147 334
147 334
147 334
147 335
148 335
148 335
148 336
148 337
148 337
148 337
148 338
148 339
149 339
149 339
149 340
149 341
149 341
149 341
149 342
149 343
149 344
149 344
149 344
149 345
149 346
149 347
149 348
149 349
149 349
149 349
149 350
149 351
149 352
149 353
149 354
149 355
149 356
149 357
149 358
149 359
149 360
149 361
149 362
149 363
149 364
149 365
149 366
149 367
149 368
149 369
149 370
149 371
149 372
149 373
149 374
149 375
149 376
149 377
149 378
149 379
149 380
149 381
149 382
149 383
149 384
149 385
149 386
149 387
149 388
149 389
149 390
149 391
149 392
149 393
149 394
149 395
149 396
149 396
149 396
149 397
149 398
149 399
149 400
149 401
149 402
149 403
149 404
149 405
149 406
149 407
149 407
149 407
149 408
149 409
149 410
149 411
149 412
149 412
149 412
149 413
149 414
149 415
149 415
149 415
149 416
149 417
148 417
148 417
148 418
148 419
148 419
148 419
148 420
148 420
148 420
148 421
147 421
147 421
147 422
147 423
147 423
147 423
147 424
146 424
146 424
146 425
146 425
146 425
146 425
145 425
145 425
145 426
144 426
144 426
144 427
143 427
143 427
143 427
142 427
142 427
142 428
141 428
141 428
141 428
140 428
140 428
139 428
139 429
138 429
138 429
137 429
137 429
136 429
136 429
135 429
135 429
134 429
134 429
133 429
133 430
132 430
132 430
131 430
130 430
130 430
129 430
129 430
128 430
127 430
127 430
126 430
126 430
125 430
124 430
123 430
123 430
122 430
122 430
121 430
120 430
119 430
118 430
117 430
116 430
116 430
115 430
115 430
114 430
113 430
112 430
111 430
110 430
109 430
108 430
107 430
106 430
105 430
104 430
103 430
102 430
101 430
100 430
99 430
98 430
97 430
96 430
95 430
94 430
93 430
92 430
91 430
90 430
89 430
88 430
87 430
86 430
85 430
84 430
83 430
82 430
81 430
80 430
79 430
78 430
77 430
76 430
75 430
74 430
73 430
72 430
71 430
70 430
69 430
68 430
67 430
66 430
65 430
64 430
63 430
62 430
61 430
60 430
59 430
58 430
57 430
56 430
55 430
54 430
53 430
52 430
51 430
50 430
50 430
49 430
49 430
48 430
47 430
46 430
45 430
44 430
43 430
42 430
41 430
40 430
39 430
38 430
37 430
36 430
35 430
34 430
33 430
33 430
32 430
32 430
31 430
30 430
29 430
28 430
27 430
27 430
26 430
26 430
25 430
24 430
23 430
23 430
22 430
22 430
21 430
20 430
20 430
19 430
19 430
18 430
17 430
17 429
16 429
16 429
15 429
15 429
14 429
14 429
13 429
13 429
12 429
12 429
12 429
11 429
11 429
10 429
10 428
9 428
9 428
9 428
8 428
8 428
8 427
7 427
7 427
7 427
6 427
6 427
6 426
5 426
5 426
5 425
4 425
4 425
4 424
3 424
3 424
3 423
3 423
3 423
3 422
2 422
2 422
2 421
2 421
2 421
2 420
1 420
1 420
1 419
1 418
1 418
1 418
1 417
1 416
0 416
0 416
0 415
0 414
0 414
0 414
0 413
0 412
0 411
0 411
0 411
0 410
0 409
0 408
0 407
0 406
0 406
0 406
0 405
0 404
0 403
0 402
0 401
0 400
0 399
0 398
0 397
0 396
0 395
0 394
0 393
0 392
0 391
0 390
0 389
0 388
0 387
0 386
0 385
0 384
0 383
0 382
0 381
0 380
0 379
0 378
0 377
0 376
0 375
0 374
0 373
0 372
0 371
0 370
0 369
0 368
0 367
0 366
0 365
0 364
0 363
0 362
0 361
0 360
0 359
0 359
0 359
0 358
0 357
0 356
0 355
0 354
0 353
0 352
0 351
0 350
0 349
0 348
0 348
0 348
0 347
0 346
0 345
0 344
0 343
0 343
0 343
0 342
0 341
0 340
0 340
0 340
0 339
0 338
1 338
1 338
1 337
1 336
1 336
-1 -1
list: -1
-1 -1
