pixel
list: 0
1 335
2 335
3 335
3 334
4 334
5 334
6 334
6 333
7 333
8 333
8 332
9 332
10 332
11 332
11 331
12 331
13 331
13 330
14 330
15 330
16 330
16 329
17 329
18 329
18 328
19 328
20 328
21 328
21 327
22 327
23 327
23 326
24 326
25 326
26 326
26 325
27 325
28 325
28 324
29 324
29 324
30 324
31 324
31 323
32 323
33 323
34 323
34 322
35 322
36 322
36 321
37 321
37 321
38 321
39 321
40 321
41 321
42 321
43 321
44 321
45 321
46 321
47 321
48 321
49 321
50 321
51 321
51 322
52 322
53 322
54 322
55 322
56 322
57 322
58 322
59 322
60 322
61 322
62 322
63 322
64 322
65 322
65 323
66 323
67 323
68 323
69 323
70 323
71 323
72 323
73 323
74 323
75 323
76 323
77 323
78 323
79 323
80 323
80 324
81 324
82 324
83 324
84 324
85 324
86 324
87 324
88 324
89 324
90 324
91 324
92 324
93 324
94 324
94 325
95 325
96 325
97 325
98 325
99 325
100 325
101 325
102 325
103 325
104 325
105 325
106 325
107 325
108 325
109 325
109 326
110 326
111 326
112 326
113 326
114 326
115 326
116 326
117 326
118 326
119 326
120 326
121 326
122 326
123 326
123 327
124 327
124 327
125 327
126 327
126 328
127 328
128 328
128 329
129 329
130 329
130 330
131 330
132 330
132 331
133 331
134 331
134 332
135 332
136 332
136 333
137 333
138 333
138 334
139 334
140 334
141 334
141 335
142 335
143 335
143 336
144 336
145 336
145 337
146 337
147 337
147 338
148 338
149 338
149 339
150 339
151 339
151 340
152 340
153 340
153 341
154 341
155 341
155 342
156 342
156 342
157 342
157 343
158 343
159 343
159 344
160 344
161 344
161 345
162 345
163 345
163 346
164 346
165 346
165 347
166 347
167 347
167 348
168 348
169 348
169 349
170 349
170 350
171 350
171 350
171 351
171 352
171 353
171 354
171 354
171 354
171 355
171 356
170 356
170 357
170 358
169 358
169 358
169 359
168 359
168 360
167 360
167 361
167 362
166 362
166 362
165 362
165 363
164 363
164 364
163 364
162 364
162 365
161 365
161 366
160 366
159 366
159 367
158 367
158 368
157 368
156 368
156 369
155 369
155 370
154 370
153 370
153 371
152 371
152 372
151 372
150 372
150 373
149 373
149 374
148 374
147 374
147 375
146 375
146 376
145 376
144 376
144 377
143 377
143 378
142 378
141 378
141 379
140 379
140 380
139 380
138 380
138 381
137 381
137 382
136 382
135 382
135 383
134 383
134 384
133 384
132 384
132 385
131 385
131 386
130 386
129 386
129 387
128 387
128 388
127 388
126 388
126 389
125 389
125 390
124 390
123 390
123 391
122 391
122 392
121 392
120 392
120 393
119 393
119 394
118 394
117 394
117 395
116 395
116 396
115 396
114 396
114 397
113 397
113 398
112 398
111 398
111 399
110 399
110 400
109 400
108 400
108 401
107 401
107 402
106 402
105 402
105 403
104 403
104 404
103 404
102 404
102 405
101 405
101 406
100 406
99 406
99 407
98 407
98 408
97 408
96 408
96 409
95 409
95 410
94 410
93 410
93 411
92 411
92 412
91 412
90 412
90 413
89 413
89 414
88 414
87 414
87 415
86 415
86 416
85 416
84 416
84 417
83 417
83 418
82 418
81 418
81 419
80 419
80 420
79 420
78 420
78 421
77 421
77 422
76 422
75 422
75 423
74 423
74 424
73 424
72 424
72 425
71 425
71 426
70 426
69 426
69 427
68 427
68 428
67 428
66 428
66 429
65 429
65 430
64 430
64 431
63 431
63 431
62 431
61 431
60 431
59 431
58 431
57 431
56 431
55 431
54 431
53 431
52 431
51 431
50 431
49 431
48 431
47 431
46 431
45 431
44 431
43 431
42 431
41 431
40 431
39 431
38 431
37 431
36 431
35 431
34 431
33 431
32 431
31 431
30 431
29 431
28 431
27 431
26 431
25 431
24 431
23 431
22 431
21 431
20 431
19 431
18 431
17 431
16 431
15 431
14 431
13 431
12 431
11 431
10 431
9 431
8 431
7 431
6 431
5 431
4 431
4 431
3 431
3 431
3 430
2 430
2 429
1 429
1 429
1 428
1 427
1 426
1 425
1 424
1 423
1 422
1 421
1 420
1 419
1 418
1 417
1 416
1 415
1 414
1 413
1 412
1 411
1 410
1 409
1 408
1 407
1 406
1 405
1 404
1 403
1 402
1 401
1 400
1 399
1 398
1 397
1 396
1 395
1 394
1 393
1 392
1 391
1 390
1 389
1 388
1 387
1 386
1 385
1 384
1 383
1 382
1 381
1 380
1 379
1 378
1 377
1 376
1 375
1 374
1 373
1 372
1 371
1 370
1 369
1 368
1 367
1 366
1 365
1 364
1 363
1 362
1 361
1 360
1 359
1 358
1 357
1 356
1 355
1 354
1 353
1 352
1 351
1 350
1 349
1 348
1 347
1 346
1 345
1 344
1 343
1 342
1 341
1 340
1 339
1 338
1 337
1 336
1 335
1 335
-1 -1
