pixel
list: 0
153 412
152 412
151 412
150 412
149 412
148 412
147 412
147 413
146 413
145 413
144 413
143 413
142 413
141 413
141 414
140 414
139 414
138 414
137 414
136 414
135 414
135 415
134 415
133 415
132 415
131 415
130 415
129 415
129 416
128 416
127 416
126 416
125 416
124 416
123 416
123 417
122 417
121 417
120 417
119 417
118 417
117 417
117 418
116 418
115 418
114 418
113 418
112 418
111 418
111 419
110 419
109 419
108 419
107 419
106 419
105 419
105 420
104 420
103 420
102 420
101 420
100 420
99 420
99 421
98 421
97 421
96 421
95 421
94 421
93 421
93 422
92 422
91 422
90 422
89 422
88 422
87 422
87 423
86 423
85 423
84 423
83 423
82 423
81 423
81 424
80 424
79 424
78 424
77 424
76 424
75 424
75 425
74 425
73 425
72 425
71 425
70 425
69 425
69 426
68 426
67 426
66 426
65 426
64 426
63 426
63 427
62 427
61 427
60 427
59 427
58 427
57 427
57 428
56 428
55 428
54 428
53 428
52 428
51 428
51 429
50 429
49 429
48 429
47 429
46 429
45 429
45 430
44 430
43 430
42 430
41 430
40 430
39 430
39 431
38 431
37 431
36 431
35 431
34 431
33 431
33 432
32 432
31 432
30 432
29 432
28 432
27 432
27 433
26 433
25 433
24 433
23 433
22 433
21 433
21 434
20 434
19 434
18 434
17 434
16 434
15 434
15 435
14 435
13 435
12 435
11 435
10 435
9 435
9 436
8 436
8 436
8 435
8 434
8 433
8 432
8 431
8 430
7 430
7 429
7 428
7 427
7 426
7 425
7 424
6 424
6 423
6 422
6 421
6 420
6 419
6 418
5 418
5 417
5 416
5 415
5 414
5 413
5 412
4 412
4 411
4 410
4 409
4 408
4 407
4 406
3 406
3 405
3 404
3 403
3 402
3 401
3 400
2 400
2 399
2 398
2 397
2 396
2 395
2 394
1 394
1 393
1 392
1 391
1 390
1 389
1 388
0 388
0 387
0 386
0 385
0 384
0 383
0 382
-1 382
-1 381
-1 380
-1 379
-1 378
-1 377
-1 376
-2 376
-2 375
-2 374
-2 373
-2 372
-2 371
-2 370
-3 370
-3 369
-3 368
-3 367
-3 366
-3 365
-3 364
-4 364
-4 363
-4 362
-4 361
-4 360
-4 359
-4 358
-5 358
-5 357
-5 356
-5 355
-5 354
-5 353
-5 352
-6 352
-6 351
-6 350
-6 349
-6 348
-6 347
-6 346
-7 346
-7 345
-7 344
-7 343
-7 342
-7 341
-7 340
-8 340
-8 340
-7 340
-6 340
-5 340
-4 340
-3 340
-3 339
-2 339
-1 339
0 339
1 339
2 339
3 339
3 338
4 338
5 338
6 338
7 338
8 338
9 338
9 337
10 337
11 337
12 337
13 337
14 337
15 337
15 336
16 336
17 336
18 336
19 336
20 336
20 335
21 335
22 335
23 335
24 335
25 335
26 335
26 334
27 334
28 334
29 334
30 334
31 334
32 334
32 333
33 333
34 333
35 333
36 333
37 333
38 333
38 332
39 332
40 332
41 332
42 332
43 332
44 332
44 331
45 331
46 331
47 331
48 331
49 331
49 330
50 330
51 330
52 330
53 330
54 330
55 330
55 329
56 329
57 329
58 329
59 329
60 329
61 329
61 328
62 328
63 328
64 328
65 328
66 328
67 328
67 327
68 327
69 327
70 327
71 327
72 327
73 327
73 326
74 326
75 326
76 326
77 326
78 326
78 325
79 325
80 325
81 325
82 325
83 325
84 325
84 324
85 324
86 324
87 324
88 324
89 324
90 324
90 323
91 323
92 323
93 323
94 323
95 323
96 323
96 322
97 322
98 322
99 322
100 322
101 322
102 322
102 321
103 321
104 321
105 321
106 321
107 321
107 320
108 320
109 320
110 320
111 320
112 320
113 320
113 319
114 319
115 319
116 319
117 319
118 319
119 319
119 318
120 318
121 318
122 318
123 318
124 318
125 318
125 317
126 317
127 317
128 317
129 317
130 317
131 317
131 316
132 316
133 316
134 316
135 316
136 316
136 315
137 315
137 315
137 316
137 317
137 318
137 319
137 320
137 321
138 321
138 322
138 323
138 324
138 325
138 326
138 327
139 327
139 328
139 329
139 330
139 331
139 332
139 333
140 333
140 334
140 335
140 336
140 337
140 338
140 339
141 339
141 340
141 341
141 342
141 343
141 344
141 345
142 345
142 346
142 347
142 348
142 349
142 350
142 351
143 351
143 352
143 353
143 354
143 355
143 356
143 357
144 357
144 358
144 359
144 360
144 361
144 362
144 363
145 363
145 364
145 365
145 366
145 367
145 368
145 369
146 369
146 370
146 371
146 372
146 373
146 374
146 375
147 375
147 376
147 377
147 378
147 379
147 380
147 381
148 381
148 382
148 383
148 384
148 385
148 386
148 387
149 387
149 388
149 389
149 390
149 391
149 392
149 393
150 393
150 394
150 395
150 396
150 397
150 398
150 399
151 399
151 400
151 401
151 402
151 403
151 404
151 405
152 405
152 406
152 407
152 408
152 409
152 410
152 411
152 412
153 412
-1 -1
