pixel
list: 0
208 5
209 5
210 5
211 5
212 5
213 5
214 5
215 5
216 5
217 5
218 5
219 5
220 5
221 5
222 5
223 5
224 5
224 4
225 4
226 4
227 4
228 4
229 4
230 4
231 4
232 4
233 4
234 4
235 4
236 4
237 4
238 4
239 4
240 4
241 4
241 3
242 3
243 3
244 3
245 3
246 3
247 3
248 3
249 3
250 3
251 3
252 3
253 3
254 3
255 3
256 3
257 3
257 2
258 2
259 2
260 2
261 2
262 2
263 2
264 2
265 2
266 2
267 2
268 2
269 2
270 2
271 2
272 2
273 2
274 2
274 1
275 1
276 1
277 1
278 1
279 1
280 1
281 1
282 1
283 1
284 1
285 1
286 1
287 1
288 1
289 1
290 1
291 1
291 0
292 0
293 0
294 0
295 0
296 0
297 0
298 0
299 0
300 0
301 0
302 0
303 0
304 0
305 0
306 0
307 0
307 -1
308 -1
309 -1
310 -1
311 -1
312 -1
313 -1
314 -1
315 -1
316 -1
317 -1
318 -1
319 -1
320 -1
321 -1
322 -1
323 -1
324 -1
324 -2
325 -2
326 -2
327 -2
328 -2
329 -2
330 -2
331 -2
332 -2
333 -2
334 -2
335 -2
336 -2
337 -2
338 -2
339 -2
340 -2
340 -3
341 -3
341 -3
341 -2
341 -1
341 0
341 1
341 2
341 3
341 4
341 5
341 6
341 7
341 8
341 9
341 10
341 11
341 12
341 13
341 14
341 15
341 16
341 17
341 18
341 19
341 20
341 21
341 22
341 23
341 24
341 25
341 26
341 27
341 28
341 29
341 30
341 31
341 32
341 33
341 34
341 35
341 36
341 37
341 38
341 39
341 40
341 41
341 42
341 43
341 44
341 45
341 46
341 47
341 48
341 49
341 50
341 51
341 52
341 53
341 54
341 55
341 56
341 57
341 58
341 59
341 60
341 61
341 62
341 63
341 63
341 63
340 63
339 63
339 62
338 62
337 62
337 61
336 61
335 61
335 60
334 60
333 60
332 60
332 59
331 59
330 59
330 58
329 58
328 58
328 57
327 57
326 57
325 57
325 56
324 56
323 56
323 55
322 55
321 55
321 54
320 54
319 54
319 53
318 53
317 53
316 53
316 52
315 52
314 52
314 51
313 51
312 51
312 50
311 50
310 50
309 50
309 49
308 49
307 49
307 48
306 48
305 48
305 47
304 47
303 47
303 46
302 46
301 46
300 46
300 45
299 45
298 45
298 44
297 44
296 44
296 43
295 43
294 43
293 43
293 42
292 42
291 42
291 41
290 41
289 41
289 40
288 40
287 40
286 40
286 39
285 39
284 39
284 38
283 38
282 38
282 37
281 37
280 37
280 36
279 36
278 36
277 36
277 35
276 35
275 35
275 34
274 34
273 34
273 33
272 33
271 33
270 33
270 32
269 32
268 32
268 31
267 31
266 31
266 30
265 30
264 30
264 29
263 29
262 29
261 29
261 28
260 28
259 28
259 27
258 27
257 27
257 26
256 26
255 26
254 26
254 25
253 25
252 25
252 24
251 24
250 24
250 23
249 23
248 23
247 23
247 22
246 22
245 22
245 21
244 21
243 21
243 20
242 20
241 20
241 19
240 19
239 19
238 19
238 18
237 18
236 18
236 17
235 17
234 17
234 16
233 16
232 16
231 16
231 15
230 15
229 15
229 14
228 14
227 14
227 13
226 13
225 13
225 12
224 12
223 12
222 12
222 11
221 11
220 11
220 10
219 10
218 10
218 9
217 9
216 9
215 9
215 8
214 8
213 8
213 7
212 7
211 7
211 6
210 6
209 6
209 5
208 5
-1 -1
