pixel
list: 10
223 10
223 10
223 10
222 10
222 9
221 9
220 9
220 8
219 8
218 8
218 7
217 7
217 7
216 7
215 7
215 6
214 6
213 6
213 5
212 5
212 5
211 5
211 4
210 4
209 4
209 3
208 3
208 3
207 3
206 3
206 2
205 2
205 2
204 2
204 1
203 1
203 1
203 0
202 0
202 0
202 0
202 0
202 0
202 0
203 0
203 0
204 0
205 0
205 0
206 0
206 0
207 0
208 0
208 0
209 0
209 0
210 0
211 0
212 0
212 0
213 0
213 0
214 0
215 0
216 0
217 0
218 0
218 0
219 0
219 0
220 0
221 0
222 0
223 0
224 0
224 0
225 0
225 0
226 0
227 0
228 0
229 0
230 0
231 0
231 0
232 0
232 0
233 0
234 0
235 0
236 0
237 0
238 0
238 0
239 0
239 0
240 0
241 0
242 0
243 0
244 0
245 0
246 0
247 0
247 0
248 0
248 0
249 0
250 0
251 0
252 0
253 0
254 0
255 0
255 0
256 0
256 0
257 0
258 0
259 0
260 0
261 0
262 0
263 0
264 0
264 0
265 0
265 0
266 0
267 0
268 0
269 0
270 0
271 0
272 0
273 0
273 0
274 0
274 0
275 0
276 0
277 0
278 0
279 0
280 0
281 0
282 0
282 0
283 0
283 0
284 0
285 0
286 0
287 0
288 0
289 0
290 0
291 0
291 0
292 0
292 0
293 0
294 0
295 0
296 0
297 0
298 0
299 0
300 0
300 0
301 0
301 0
302 0
303 0
304 0
305 0
306 0
307 0
308 0
308 0
309 0
309 0
310 0
311 0
312 0
313 0
314 0
315 0
315 0
316 0
316 0
317 0
318 0
319 0
320 0
321 0
322 0
322 0
323 0
323 0
324 0
325 0
326 0
327 0
328 0
328 0
329 0
329 0
330 0
331 0
332 0
333 0
334 0
334 0
335 0
335 0
336 0
337 0
338 0
338 0
339 0
339 0
340 0
341 0
341 0
342 0
342 0
343 0
343 0
344 0
344 0
345 0
345 0
346 0
346 0
346 0
346 0
346 0
346 1
347 1
347 1
348 1
348 2
349 2
349 2
350 2
351 2
351 3
352 3
352 3
353 3
353 4
354 4
355 4
355 5
356 5
356 5
357 5
358 5
358 6
359 6
360 6
360 7
361 7
361 7
362 7
362 8
363 8
364 8
364 9
365 9
366 9
366 10
367 10
367 10
368 10
369 10
369 11
370 11
371 11
372 11
372 12
373 12
373 12
374 12
374 13
375 13
376 13
376 14
377 14
378 14
378 15
379 15
379 16
380 16
380 16
381 16
382 16
382 17
383 17
384 17
384 18
385 18
386 18
386 19
387 19
387 19
388 19
389 19
389 20
390 20
391 20
392 20
392 21
393 21
394 21
394 22
395 22
395 22
396 22
396 23
397 23
398 23
398 24
399 24
400 24
400 25
401 25
402 25
402 26
403 26
403 26
404 26
405 26
405 27
406 27
407 27
407 28
408 28
409 28
409 29
410 29
411 29
411 30
412 30
412 30
413 30
414 30
414 31
415 31
416 31
417 31
417 32
418 32
419 32
419 33
420 33
420 33
421 33
421 34
422 34
423 34
423 35
424 35
425 35
425 36
426 36
427 36
427 37
428 37
428 37
429 37
430 37
430 38
431 38
432 38
433 38
433 39
434 39
435 39
435 40
436 40
436 40
437 40
437 41
438 41
439 41
439 42
440 42
441 42
441 43
442 43
442 44
443 44
443 44
444 44
445 44
445 45
446 45
447 45
447 46
448 46
449 46
449 47
450 47
450 47
451 47
452 47
452 48
453 48
454 48
455 48
455 49
456 49
456 49
457 49
457 50
458 50
459 50
459 51
460 51
461 51
461 52
462 52
462 52
463 52
464 52
464 53
465 53
466 53
466 54
467 54
467 54
468 54
468 55
469 55
470 55
470 56
471 56
471 56
472 56
473 56
473 57
474 57
474 57
475 57
475 58
476 58
476 58
476 59
477 59
477 59
477 59
477 59
477 59
477 59
476 59
476 59
475 59
474 59
474 59
473 59
473 59
472 59
471 59
471 59
470 59
470 59
469 59
468 59
467 59
467 59
466 59
466 59
465 59
464 59
463 59
462 59
461 59
461 59
460 59
460 59
459 59
458 59
457 59
456 59
455 59
455 59
454 59
454 59
453 59
452 59
451 59
450 59
449 59
448 59
448 59
447 59
447 59
446 59
445 59
444 59
443 59
442 59
441 59
441 59
440 59
440 59
439 59
438 59
437 59
436 59
435 59
434 59
433 59
432 59
432 59
431 59
431 59
430 59
429 59
428 59
427 59
426 59
425 59
424 59
424 59
423 59
423 59
422 59
421 59
420 59
419 59
418 59
417 59
416 59
415 59
415 59
414 59
414 59
413 59
412 59
411 59
410 59
409 59
408 59
407 59
406 59
406 59
405 59
405 59
404 59
403 59
402 59
401 59
400 59
399 59
398 59
397 59
397 59
396 59
396 59
395 59
394 59
393 59
392 59
391 59
390 59
389 59
388 59
388 59
387 59
387 59
386 59
385 59
384 59
383 59
382 59
381 59
380 59
379 59
379 59
378 59
378 59
377 59
376 59
375 59
374 59
373 59
372 59
371 59
371 59
370 59
370 59
369 59
368 59
367 59
366 59
365 59
364 59
364 59
363 59
363 59
362 59
361 59
360 59
359 59
358 59
357 59
357 59
356 59
356 59
355 59
354 59
353 59
352 59
351 59
351 59
350 59
350 59
349 59
348 59
347 59
346 59
345 59
345 59
344 59
344 59
343 59
342 59
341 59
341 59
340 59
340 59
339 59
338 59
338 59
337 59
337 59
336 59
336 59
335 59
335 59
334 59
334 59
333 59
333 59
333 59
333 59
333 59
333 58
332 58
332 58
331 58
331 57
330 57
330 57
329 57
328 57
328 56
327 56
327 56
326 56
326 55
325 55
324 55
324 54
323 54
323 54
322 54
321 54
321 53
320 53
319 53
319 52
318 52
318 52
317 52
317 51
316 51
315 51
315 50
314 50
313 50
313 49
312 49
312 49
311 49
310 49
310 48
309 48
308 48
307 48
307 47
306 47
306 47
305 47
305 46
304 46
303 46
303 45
302 45
301 45
301 44
300 44
300 43
299 43
299 43
298 43
297 43
297 42
296 42
295 42
295 41
294 41
293 41
293 40
292 40
292 40
291 40
290 40
290 39
289 39
288 39
287 39
287 38
286 38
285 38
285 37
284 37
284 37
283 37
283 36
282 36
281 36
281 35
280 35
279 35
279 34
278 34
277 34
277 33
276 33
276 33
275 33
274 33
274 32
273 32
272 32
272 31
271 31
270 31
270 30
269 30
268 30
268 29
267 29
267 29
266 29
265 29
265 28
264 28
263 28
262 28
262 27
261 27
260 27
260 26
259 26
259 26
258 26
258 25
257 25
256 25
256 24
255 24
254 24
254 23
253 23
252 23
252 22
251 22
251 22
250 22
249 22
249 21
248 21
247 21
246 21
246 20
245 20
244 20
244 19
243 19
243 19
242 19
242 18
241 18
240 18
240 17
239 17
238 17
238 16
237 16
237 15
236 15
236 15
235 15
234 15
234 14
233 14
232 14
232 13
231 13
230 13
230 12
229 12
-1 -1
list: -1
-1 -1
