pixel
list: 0
224 2
225 2
226 2
226 1
227 1
227 1
228 1
229 1
230 1
231 1
232 1
233 1
234 1
235 1
236 1
237 1
238 1
239 1
240 1
241 1
242 1
243 1
244 1
245 1
246 1
247 1
248 1
249 1
250 1
251 1
252 1
253 1
254 1
255 1
256 1
257 1
258 1
259 1
260 1
261 1
262 1
263 1
264 1
265 1
266 1
267 1
268 1
269 1
270 1
271 1
272 1
273 1
274 1
275 1
276 1
277 1
278 1
279 1
280 1
281 1
282 1
283 1
284 1
285 1
286 1
287 1
288 1
289 1
290 1
291 1
292 1
293 1
294 1
295 1
296 1
297 1
298 1
299 1
300 1
301 1
302 1
303 1
304 1
305 1
306 1
307 1
308 1
309 1
310 1
311 1
312 1
313 1
314 1
315 1
316 1
317 1
318 1
319 1
320 1
321 1
322 1
323 1
324 1
325 1
326 1
327 1
328 1
329 1
330 1
331 1
332 1
333 1
334 1
335 1
336 1
337 1
338 1
339 1
340 1
341 1
342 1
343 1
344 1
345 1
346 1
346 1
347 1
347 1
347 2
347 3
348 3
348 3
348 4
348 5
348 6
347 6
347 7
347 8
347 9
346 9
346 10
346 11
346 12
346 13
345 13
345 14
345 15
345 16
344 16
344 17
344 18
344 19
343 19
343 20
343 21
343 22
343 23
342 23
342 23
342 24
342 25
342 26
341 26
341 27
341 28
341 29
340 29
340 30
340 31
340 32
339 32
339 33
339 34
339 35
339 36
338 36
338 37
338 38
338 39
337 39
337 40
337 41
337 42
336 42
336 43
336 44
336 45
335 45
335 46
335 47
335 48
335 49
334 49
334 50
334 51
334 52
333 52
333 53
333 54
333 55
332 55
332 56
332 57
332 58
332 59
331 59
331 59
330 59
329 59
329 58
328 58
327 58
327 57
326 57
325 57
325 56
324 56
323 56
322 56
322 55
321 55
320 55
320 54
319 54
318 54
318 53
317 53
316 53
316 52
315 52
314 52
313 52
313 51
312 51
311 51
311 50
310 50
309 50
309 49
308 49
307 49
307 48
306 48
306 48
305 48
304 48
304 47
303 47
302 47
302 46
301 46
300 46
300 45
299 45
298 45
298 44
297 44
296 44
295 44
295 43
294 43
293 43
293 42
292 42
291 42
291 41
290 41
289 41
289 40
288 40
287 40
286 40
286 39
285 39
284 39
284 38
283 38
282 38
282 37
281 37
280 37
280 36
279 36
278 36
277 36
277 35
276 35
275 35
275 34
274 34
273 34
273 33
272 33
271 33
271 32
270 32
269 32
268 32
268 31
267 31
266 31
266 30
265 30
264 30
264 29
263 29
262 29
262 28
261 28
260 28
259 28
259 27
258 27
257 27
257 26
256 26
255 26
255 25
254 25
253 25
253 24
252 24
251 24
250 24
250 23
249 23
248 23
248 22
247 22
246 22
246 21
245 21
244 21
244 20
243 20
242 20
241 20
241 19
240 19
239 19
239 18
238 18
237 18
237 17
236 17
235 17
235 16
234 16
233 16
232 16
232 15
231 15
230 15
230 14
229 14
228 14
228 13
227 13
226 13
226 12
225 12
224 12
224 11
223 11
223 11
223 10
223 9
223 8
223 7
223 6
223 5
223 4
223 3
223 2
224 2
-1 -1
