pixel
list: 0
356 17
356 18
356 19
356 20
356 21
355 21
355 22
355 23
355 24
355 25
354 25
354 26
354 27
354 28
354 29
354 30
353 30
353 31
353 32
353 33
353 34
352 34
352 35
352 36
352 37
352 38
351 38
351 39
351 40
351 41
351 42
351 43
350 43
350 44
350 45
350 46
350 47
349 47
349 48
349 49
349 50
349 51
349 52
348 52
348 52
347 52
346 52
345 52
344 52
344 51
343 51
342 51
341 51
340 51
340 50
339 50
338 50
337 50
336 50
335 50
335 49
334 49
333 49
332 49
331 49
331 48
330 48
329 48
328 48
327 48
326 48
326 47
325 47
324 47
323 47
322 47
322 46
321 46
320 46
319 46
318 46
317 46
317 45
316 45
315 45
314 45
313 45
313 44
312 44
311 44
310 44
309 44
308 44
308 43
307 43
306 43
305 43
304 43
304 42
303 42
302 42
301 42
300 42
299 42
299 41
298 41
297 41
296 41
295 41
295 40
294 40
293 40
292 40
291 40
290 40
290 39
289 39
288 39
287 39
286 39
286 38
285 38
284 38
283 38
282 38
281 38
281 37
280 37
279 37
278 37
277 37
277 36
276 36
275 36
274 36
273 36
272 36
272 35
271 35
270 35
269 35
268 35
268 34
267 34
266 34
265 34
264 34
263 34
263 33
262 33
261 33
260 33
259 33
259 32
258 32
257 32
256 32
255 32
254 32
254 31
253 31
252 31
251 31
250 31
250 30
249 30
248 30
247 30
246 30
245 30
245 29
244 29
243 29
242 29
241 29
241 28
240 28
239 28
238 28
237 28
237 27
236 27
236 27
236 26
236 25
236 24
236 23
237 23
237 22
237 21
237 20
237 19
237 18
238 18
238 17
238 16
238 15
238 14
239 14
239 13
239 12
239 11
239 10
239 9
240 9
240 8
240 7
240 6
240 5
241 5
241 4
241 3
241 2
241 1
241 0
242 0
242 -1
242 -2
242 -3
242 -4
243 -4
243 -5
243 -6
243 -7
243 -8
243 -9
244 -9
244 -9
245 -9
246 -9
247 -9
248 -9
248 -8
249 -8
250 -8
251 -8
252 -8
252 -7
253 -7
254 -7
255 -7
256 -7
256 -6
257 -6
258 -6
259 -6
260 -6
261 -6
261 -5
262 -5
263 -5
264 -5
265 -5
265 -4
266 -4
267 -4
268 -4
269 -4
269 -3
270 -3
271 -3
272 -3
273 -3
274 -3
274 -2
275 -2
276 -2
277 -2
278 -2
278 -1
279 -1
280 -1
281 -1
282 -1
282 0
283 0
284 0
285 0
286 0
287 0
287 1
288 1
289 1
290 1
291 1
291 2
292 2
293 2
294 2
295 2
295 3
296 3
297 3
298 3
299 3
299 4
300 4
301 4
302 4
303 4
304 4
304 5
305 5
306 5
307 5
308 5
308 6
309 6
310 6
311 6
312 6
312 7
313 7
314 7
315 7
316 7
317 7
317 8
318 8
319 8
320 8
321 8
321 9
322 9
323 9
324 9
325 9
325 10
326 10
327 10
328 10
329 10
330 10
330 11
331 11
332 11
333 11
334 11
334 12
335 12
336 12
337 12
338 12
338 13
339 13
340 13
341 13
342 13
343 13
343 14
344 14
345 14
346 14
347 14
347 15
348 15
349 15
350 15
351 15
351 16
352 16
353 16
354 16
355 16
355 17
356 17
-1 -1
