pixel
list: 0
368 332
369 332
370 332
371 332
372 332
373 332
374 332
375 332
376 332
377 332
378 332
379 332
379 333
380 333
381 333
382 333
383 333
384 333
385 333
386 333
387 333
388 333
389 333
390 333
391 333
391 334
392 334
392 334
393 334
393 335
394 335
395 335
395 336
396 336
397 336
397 337
398 337
399 337
399 338
400 338
401 338
401 339
402 339
403 339
403 340
404 340
405 340
405 341
406 341
407 341
407 342
408 342
409 342
409 343
410 343
411 343
411 344
412 344
413 344
413 345
414 345
415 345
415 346
416 346
416 346
417 346
417 347
418 347
419 347
419 348
420 348
421 348
421 349
422 349
422 350
423 350
424 350
424 351
425 351
426 351
426 352
427 352
427 353
428 353
428 353
429 353
429 354
430 354
430 355
431 355
431 355
431 356
431 357
431 358
431 359
431 360
431 361
431 362
431 363
431 364
431 365
431 366
431 367
431 368
431 369
431 370
431 371
431 372
431 373
431 374
431 375
431 376
431 377
431 378
431 379
431 380
431 381
431 382
431 383
431 384
431 385
431 386
431 387
431 388
431 389
431 390
431 391
431 392
431 393
431 394
431 395
431 396
431 397
431 398
431 399
431 400
431 401
431 402
431 403
431 404
431 405
431 406
431 407
431 408
431 409
431 410
431 411
431 412
431 413
431 414
431 415
431 416
431 417
431 418
431 419
431 420
431 421
431 422
431 423
431 424
431 425
431 426
431 427
431 428
431 429
431 430
431 431
431 431
431 431
430 431
429 431
428 431
427 431
426 431
425 431
424 431
423 431
422 431
421 431
420 431
419 431
418 431
417 431
416 431
415 431
414 431
413 431
412 431
411 431
410 431
409 431
408 431
407 431
406 431
405 431
404 431
403 431
402 431
401 431
400 431
399 431
398 431
397 431
396 431
395 431
394 431
393 431
392 431
391 431
390 431
389 431
388 431
387 431
386 431
385 431
384 431
383 431
382 431
381 431
380 431
379 431
378 431
377 431
376 431
375 431
374 431
373 431
372 431
371 431
370 431
369 431
368 431
367 431
366 431
365 431
364 431
363 431
362 431
361 431
360 431
359 431
358 431
357 431
356 431
355 431
354 431
353 431
352 431
351 431
350 431
349 431
348 431
347 431
346 431
345 431
344 431
343 431
342 431
341 431
340 431
340 431
339 431
339 431
338 431
338 430
337 430
337 429
336 429
336 428
335 428
335 427
334 427
334 426
333 426
333 425
332 425
332 424
331 424
331 423
330 423
330 422
329 422
329 421
328 421
328 420
327 420
327 419
326 419
326 418
325 418
324 418
324 417
323 417
323 416
322 416
322 415
321 415
321 414
320 414
320 413
319 413
319 412
318 412
318 411
317 411
317 410
316 410
316 409
315 409
315 408
314 408
314 407
313 407
313 406
312 406
312 405
311 405
310 405
310 404
309 404
309 403
308 403
308 402
307 402
307 401
306 401
306 400
305 400
305 399
304 399
304 398
303 398
303 397
302 397
302 396
301 396
301 395
300 395
300 394
299 394
299 393
298 393
298 392
297 392
296 392
296 391
295 391
295 390
294 390
294 389
293 389
293 388
292 388
292 387
291 387
291 386
290 386
290 385
289 385
289 384
288 384
288 383
287 383
287 382
286 382
286 381
285 381
285 380
284 380
284 379
283 379
282 379
282 378
281 378
281 377
280 377
280 376
279 376
279 375
278 375
278 374
277 374
277 373
276 373
276 372
275 372
275 371
274 371
274 370
273 370
273 369
272 369
272 368
271 368
271 367
270 367
270 366
269 366
269 366
269 365
269 364
269 363
269 362
269 361
269 360
269 359
269 358
269 357
269 356
269 355
269 354
269 353
269 352
269 351
269 350
269 349
269 348
269 347
269 346
269 345
269 344
269 343
269 342
269 341
269 340
269 339
269 338
269 337
269 336
269 335
269 334
269 334
269 334
270 334
271 334
272 334
273 334
274 334
275 334
276 334
277 334
278 334
279 334
280 334
281 334
282 334
283 334
284 334
285 334
286 334
287 334
288 334
289 334
290 334
291 334
292 334
293 334
294 334
295 334
296 334
297 334
298 334
299 334
300 334
301 334
302 334
303 334
304 334
305 334
306 334
307 334
308 334
309 334
310 334
311 334
312 334
313 334
314 334
315 334
316 334
317 334
318 334
318 333
319 333
320 333
321 333
322 333
323 333
324 333
325 333
326 333
327 333
328 333
329 333
330 333
331 333
332 333
333 333
334 333
335 333
336 333
337 333
338 333
339 333
340 333
341 333
342 333
343 333
344 333
345 333
346 333
347 333
348 333
349 333
350 333
351 333
352 333
353 333
354 333
355 333
356 333
357 333
358 333
359 333
360 333
361 333
362 333
363 333
364 333
365 333
366 333
367 333
367 332
368 332
-1 -1
