pixel
list: 0
439 350
439 351
439 352
439 353
439 354
439 355
438 355
438 356
438 357
438 358
438 359
438 360
437 360
437 361
437 362
437 363
437 364
437 365
436 365
436 366
436 367
436 368
436 369
436 370
436 371
435 371
435 372
435 373
435 374
435 375
435 376
434 376
434 377
434 378
434 379
434 380
434 381
433 381
433 382
433 383
433 384
433 385
433 386
433 387
432 387
432 388
432 389
432 390
432 391
432 392
431 392
431 393
431 394
431 395
431 396
431 397
430 397
430 398
430 399
430 400
430 401
430 402
429 402
429 403
429 404
429 405
429 406
429 407
429 408
428 408
428 409
428 410
428 411
428 412
428 413
427 413
427 414
427 415
427 416
427 417
427 418
426 418
426 419
426 420
426 421
426 422
426 423
426 424
425 424
425 425
425 426
425 427
425 428
425 429
424 429
424 430
424 431
424 432
424 433
424 434
423 434
423 435
423 436
423 437
423 438
423 439
423 440
422 440
422 440
421 440
420 440
419 440
418 440
417 440
417 439
416 439
415 439
414 439
413 439
412 439
412 438
411 438
410 438
409 438
408 438
407 438
406 438
406 437
405 437
404 437
403 437
402 437
401 437
401 436
400 436
399 436
398 436
397 436
396 436
396 435
395 435
394 435
393 435
392 435
391 435
390 435
390 434
389 434
388 434
387 434
386 434
385 434
385 433
384 433
383 433
382 433
381 433
380 433
379 433
379 432
378 432
377 432
376 432
375 432
374 432
374 431
373 431
372 431
371 431
370 431
369 431
369 430
368 430
367 430
366 430
365 430
364 430
363 430
363 429
362 429
361 429
360 429
359 429
358 429
358 428
357 428
356 428
355 428
354 428
353 428
352 428
352 427
351 427
350 427
349 427
348 427
347 427
347 426
346 426
345 426
344 426
343 426
342 426
342 425
341 425
340 425
339 425
338 425
337 425
336 425
336 424
335 424
334 424
333 424
332 424
331 424
331 423
330 423
329 423
328 423
327 423
326 423
325 423
325 422
324 422
323 422
322 422
321 422
320 422
320 421
319 421
318 421
317 421
316 421
315 421
315 420
314 420
313 420
312 420
311 420
310 420
309 420
309 419
308 419
307 419
306 419
305 419
304 419
304 418
303 418
302 418
301 418
300 418
299 418
298 418
298 417
297 417
296 417
295 417
294 417
293 417
293 416
292 416
291 416
290 416
289 416
288 416
288 415
287 415
286 415
285 415
284 415
283 415
282 415
282 414
281 414
280 414
279 414
278 414
277 414
277 413
276 413
275 413
274 413
273 413
272 413
272 412
271 412
271 412
271 411
271 410
271 409
271 408
271 407
272 407
272 406
272 405
272 404
272 403
272 402
272 401
273 401
273 400
273 399
273 398
273 397
273 396
274 396
274 395
274 394
274 393
274 392
274 391
274 390
275 390
275 389
275 388
275 387
275 386
275 385
276 385
276 384
276 383
276 382
276 381
276 380
276 379
277 379
277 378
277 377
277 376
277 375
277 374
278 374
278 373
278 372
278 371
278 370
278 369
278 368
279 368
279 367
279 366
279 365
279 364
279 363
279 362
280 362
280 361
280 360
280 359
280 358
280 357
281 357
281 356
281 355
281 354
281 353
281 352
281 351
282 351
282 350
282 349
282 348
282 347
282 346
283 346
283 345
283 344
283 343
283 342
283 341
283 340
284 340
284 339
284 338
284 337
284 336
284 335
285 335
285 334
285 333
285 332
285 331
285 330
285 329
286 329
286 328
286 327
286 326
286 325
286 324
286 323
287 323
287 323
288 323
289 323
290 323
291 323
292 323
292 324
293 324
294 324
295 324
296 324
297 324
298 324
298 325
299 325
300 325
301 325
302 325
303 325
303 326
304 326
305 326
306 326
307 326
308 326
309 326
309 327
310 327
311 327
312 327
313 327
314 327
315 327
315 328
316 328
317 328
318 328
319 328
320 328
320 329
321 329
322 329
323 329
324 329
325 329
326 329
326 330
327 330
328 330
329 330
330 330
331 330
332 330
332 331
333 331
334 331
335 331
336 331
337 331
337 332
338 332
339 332
340 332
341 332
342 332
343 332
343 333
344 333
345 333
346 333
347 333
348 333
348 334
349 334
350 334
351 334
352 334
353 334
354 334
354 335
355 335
356 335
357 335
358 335
359 335
360 335
360 336
361 336
362 336
363 336
364 336
365 336
365 337
366 337
367 337
368 337
369 337
370 337
371 337
371 338
372 338
373 338
374 338
375 338
376 338
377 338
377 339
378 339
379 339
380 339
381 339
382 339
382 340
383 340
384 340
385 340
386 340
387 340
388 340
388 341
389 341
390 341
391 341
392 341
393 341
393 342
394 342
395 342
396 342
397 342
398 342
399 342
399 343
400 343
401 343
402 343
403 343
404 343
405 343
405 344
406 344
407 344
408 344
409 344
410 344
410 345
411 345
412 345
413 345
414 345
415 345
416 345
416 346
417 346
418 346
419 346
420 346
421 346
422 346
422 347
423 347
424 347
425 347
426 347
427 347
427 348
428 348
429 348
430 348
431 348
432 348
433 348
433 349
434 349
435 349
436 349
437 349
438 349
438 350
439 350
-1 -1
