pixel
list: 334
275 334
275 334
275 334
275 333
276 333
276 333
276 333
276 333
276 333
276 333
277 333
277 333
277 333
278 333
278 333
278 333
279 333
279 333
280 333
280 333
281 333
281 333
282 333
282 333
283 333
283 333
284 333
284 333
285 333
285 333
286 333
287 333
288 333
288 333
289 333
289 333
290 333
291 333
292 333
293 333
294 333
295 333
296 333
297 333
298 333
299 333
299 333
300 333
300 333
301 333
302 333
303 333
304 333
305 333
306 333
307 333
308 333
309 333
310 333
311 333
312 333
313 333
314 333
315 333
316 333
317 333
318 333
319 333
320 333
321 333
322 333
323 333
324 333
325 333
326 333
327 333
328 333
329 333
330 333
331 333
332 333
333 333
334 333
335 333
336 333
337 333
338 333
339 333
340 333
341 333
342 333
343 333
344 333
345 333
346 333
347 333
348 333
349 333
350 333
351 333
352 333
353 333
354 333
355 333
356 333
357 333
358 333
359 333
360 333
361 333
362 333
363 333
364 333
365 333
366 333
367 333
368 333
369 333
370 333
371 333
372 333
373 333
374 333
375 333
376 333
377 333
378 333
379 333
380 333
381 333
382 333
383 333
384 333
385 333
386 333
387 333
388 333
389 333
390 333
391 333
392 333
393 333
394 333
395 333
396 333
397 333
398 333
399 333
400 333
401 333
402 333
403 333
404 333
405 333
406 333
407 333
408 333
409 333
409 333
410 333
410 333
411 333
412 333
413 333
414 333
414 333
415 333
415 333
416 333
416 333
417 333
417 333
418 333
418 333
419 333
419 333
420 333
420 333
421 333
421 333
421 333
422 333
422 333
422 333
423 333
423 333
423 333
424 333
424 333
424 333
425 333
425 333
425 333
426 333
426 333
426 334
427 334
427 334
427 334
427 334
427 334
427 334
428 334
428 334
428 335
428 335
428 335
428 335
428 335
428 335
428 335
429 335
429 335
429 336
429 336
429 336
429 336
429 336
429 336
429 337
430 337
430 337
430 338
430 338
430 338
430 339
430 339
430 339
430 340
430 340
430 340
430 341
430 341
430 341
430 342
430 343
430 344
430 344
430 344
430 345
430 346
430 347
430 348
430 349
430 350
430 351
430 351
430 351
430 352
430 353
430 354
430 355
430 356
430 357
430 358
430 359
430 360
430 361
430 362
430 363
430 364
430 365
430 366
430 367
430 368
430 369
430 370
430 371
430 372
430 373
430 374
430 375
430 376
430 377
430 378
430 379
430 380
430 381
430 382
430 383
430 384
430 385
430 386
430 387
430 388
430 389
430 390
430 391
430 392
430 393
430 394
430 395
430 396
430 397
430 398
430 399
430 400
430 401
430 402
430 403
430 404
430 405
430 406
430 407
430 408
430 409
430 410
430 411
430 412
430 413
430 414
430 415
430 416
430 417
430 418
430 418
430 418
430 419
430 420
430 421
430 421
430 421
430 422
430 423
430 423
430 423
430 424
430 424
430 424
430 425
430 425
430 425
430 426
430 426
430 426
430 426
429 426
429 426
429 427
429 427
429 427
429 427
429 427
429 427
429 428
428 428
428 428
428 428
428 428
428 428
428 429
428 429
428 429
428 429
427 429
427 429
427 429
427 429
427 429
427 429
426 429
426 429
426 430
425 430
425 430
425 430
425 430
425 430
425 430
424 430
424 430
424 430
423 430
423 430
423 430
422 430
422 430
421 430
421 430
420 430
420 430
419 430
419 430
418 430
418 430
417 430
417 430
416 430
416 430
415 430
414 430
413 430
413 430
412 430
412 430
411 430
410 430
409 430
408 430
407 430
406 430
405 430
404 430
403 430
402 430
402 430
401 430
401 430
400 430
399 430
398 430
397 430
396 430
395 430
394 430
393 430
392 430
391 430
390 430
389 430
388 430
387 430
386 430
385 430
384 430
383 430
382 430
381 430
380 430
379 430
378 430
377 430
376 430
375 430
374 430
373 430
372 430
371 430
370 430
369 430
368 430
367 430
366 430
365 430
364 430
363 430
362 430
361 430
360 430
359 430
358 430
357 430
356 430
355 430
354 430
353 430
352 430
351 430
350 430
349 430
348 430
347 430
346 430
345 430
344 430
343 430
342 430
341 430
340 430
339 430
338 430
337 430
336 430
335 430
334 430
333 430
332 430
331 430
330 430
329 430
328 430
327 430
326 430
325 430
324 430
323 430
322 430
321 430
320 430
319 430
318 430
317 430
316 430
315 430
314 430
313 430
312 430
311 430
310 430
309 430
308 430
307 430
306 430
305 430
304 430
303 430
302 430
301 430
300 430
299 430
298 430
297 430
296 430
295 430
294 430
293 430
292 430
292 430
291 430
291 430
290 430
289 430
288 430
287 430
287 430
286 430
286 430
285 430
285 430
284 430
284 430
283 430
283 430
282 430
282 430
281 430
281 430
280 430
280 430
280 430
279 430
279 430
279 430
278 430
278 430
278 430
277 430
277 430
277 430
276 430
276 430
276 430
275 430
275 430
275 429
274 429
274 429
274 429
274 429
274 429
274 429
273 429
273 429
273 428
273 428
273 428
273 428
273 428
273 428
273 428
272 428
272 428
272 427
272 427
272 427
272 427
272 427
272 427
272 426
271 426
271 426
271 425
271 425
271 425
271 424
271 424
271 424
271 423
271 423
271 423
271 422
271 422
271 422
271 421
271 420
271 419
271 419
271 419
271 418
271 417
271 416
271 415
271 414
271 413
271 412
271 412
271 412
271 411
271 410
271 409
271 408
271 407
271 406
271 405
271 404
271 403
271 402
271 401
271 400
271 399
271 398
271 397
271 396
271 395
271 394
271 393
271 392
271 391
271 390
271 389
271 388
271 387
271 386
271 385
271 384
271 383
271 382
271 381
271 380
271 379
271 378
271 377
271 376
271 375
271 374
271 373
271 372
271 371
271 370
271 369
271 368
271 367
271 366
271 365
271 364
271 363
271 362
271 361
271 360
271 359
271 358
271 357
271 356
271 355
271 354
271 353
271 352
271 351
271 350
271 349
271 348
271 347
271 346
271 345
271 345
271 345
271 344
271 343
271 342
271 342
271 342
271 341
271 340
271 340
271 340
271 339
271 339
271 339
271 338
271 338
271 338
271 337
271 337
271 337
271 337
272 337
272 337
272 336
272 336
272 336
272 336
272 336
272 336
272 335
273 335
273 335
273 335
273 335
273 335
273 334
273 334
273 334
273 334
274 334
274 334
274 334
274 334
-1 -1
list: -1
-1 -1
