pixel
list: 0
249 325
250 325
251 325
252 325
253 325
254 325
255 325
255 326
256 326
257 326
258 326
259 326
260 326
261 326
262 326
262 327
263 327
264 327
265 327
266 327
267 327
268 327
268 328
269 328
270 328
271 328
272 328
273 328
274 328
275 328
275 329
276 329
277 329
278 329
279 329
280 329
281 329
282 329
282 330
283 330
284 330
285 330
286 330
287 330
288 330
288 331
289 331
290 331
291 331
292 331
293 331
294 331
295 331
295 332
296 332
297 332
298 332
299 332
300 332
301 332
302 332
302 333
303 333
304 333
305 333
306 333
307 333
308 333
308 334
309 334
310 334
311 334
312 334
313 334
314 334
315 334
315 335
316 335
317 335
318 335
319 335
320 335
321 335
322 335
322 336
323 336
324 336
325 336
326 336
327 336
328 336
328 337
329 337
330 337
331 337
332 337
333 337
334 337
335 337
335 338
336 338
337 338
338 338
339 338
340 338
341 338
342 338
342 339
343 339
344 339
345 339
346 339
347 339
348 339
348 340
349 340
350 340
351 340
352 340
353 340
354 340
355 340
355 341
356 341
357 341
358 341
359 341
360 341
361 341
362 341
362 342
363 342
364 342
365 342
366 342
367 342
368 342
368 343
369 343
370 343
371 343
372 343
373 343
374 343
375 343
375 344
376 344
377 344
378 344
379 344
380 344
381 344
382 344
382 345
383 345
384 345
385 345
386 345
387 345
388 345
388 346
389 346
390 346
391 346
392 346
393 346
394 346
395 346
395 347
396 347
397 347
398 347
399 347
400 347
401 347
402 347
402 348
403 348
404 348
405 348
406 348
407 348
408 348
408 349
409 349
410 349
411 349
412 349
413 349
414 349
415 349
415 350
416 350
417 350
418 350
419 350
420 350
421 350
422 350
422 351
423 351
424 351
425 351
426 351
427 351
428 351
428 352
429 352
430 352
431 352
432 352
433 352
434 352
435 352
435 353
436 353
437 353
438 353
439 353
440 353
441 353
442 353
442 354
443 354
444 354
445 354
446 354
447 354
448 354
448 355
449 355
450 355
451 355
452 355
453 355
454 355
455 355
455 356
456 356
457 356
458 356
459 356
460 356
461 356
462 356
462 357
463 357
464 357
465 357
466 357
467 357
468 357
468 358
469 358
469 358
468 358
468 359
467 359
467 360
466 360
466 361
465 361
465 362
464 362
464 363
463 363
462 363
462 364
461 364
461 365
460 365
460 366
459 366
459 367
458 367
458 368
457 368
456 368
456 369
455 369
455 370
454 370
454 371
453 371
453 372
452 372
452 373
451 373
451 374
450 374
449 374
449 375
448 375
448 376
447 376
447 377
446 377
446 378
445 378
445 379
444 379
443 379
443 380
442 380
442 381
441 381
441 382
440 382
440 383
439 383
439 384
438 384
438 385
437 385
436 385
436 386
435 386
435 387
434 387
434 388
433 388
433 389
432 389
432 390
431 390
430 390
430 391
429 391
429 392
428 392
428 393
427 393
427 394
426 394
426 395
425 395
425 396
424 396
423 396
423 397
422 397
422 398
421 398
421 399
420 399
420 400
419 400
419 401
418 401
417 401
417 402
416 402
416 403
415 403
415 404
414 404
414 405
413 405
413 406
412 406
412 407
411 407
410 407
410 408
409 408
409 409
408 409
408 410
407 410
407 411
406 411
406 412
405 412
404 412
404 413
403 413
403 414
402 414
402 415
401 415
401 416
400 416
400 417
399 417
399 418
398 418
397 418
397 419
396 419
396 420
395 420
395 421
394 421
394 422
393 422
393 423
392 423
391 423
391 424
390 424
390 425
389 425
389 426
388 426
388 427
387 427
387 428
386 428
386 429
385 429
384 429
384 430
383 430
383 431
382 431
382 432
381 432
381 433
380 433
380 434
379 434
378 434
378 435
377 435
377 436
376 436
376 437
375 437
375 438
374 438
374 439
373 439
373 440
372 440
371 440
371 441
370 441
370 442
369 442
369 443
368 443
368 444
367 444
367 445
366 445
365 445
365 446
364 446
364 447
363 447
363 448
362 448
362 449
361 449
361 450
360 450
360 451
359 451
358 451
358 452
357 452
357 453
356 453
356 454
355 454
355 455
354 455
354 456
353 456
352 456
352 457
351 457
351 458
350 458
350 459
349 459
349 460
348 460
348 461
347 461
347 462
346 462
346 462
346 461
345 461
345 460
344 460
344 459
344 458
343 458
343 457
342 457
342 456
342 455
341 455
341 454
340 454
340 453
339 453
339 452
339 451
338 451
338 450
337 450
337 449
337 448
336 448
336 447
335 447
335 446
334 446
334 445
334 444
333 444
333 443
332 443
332 442
332 441
331 441
331 440
330 440
330 439
330 438
329 438
329 437
328 437
328 436
327 436
327 435
327 434
326 434
326 433
325 433
325 432
325 431
324 431
324 430
323 430
323 429
322 429
322 428
322 427
321 427
321 426
320 426
320 425
320 424
319 424
319 423
318 423
318 422
317 422
317 421
317 420
316 420
316 419
315 419
315 418
315 417
314 417
314 416
313 416
313 415
313 414
312 414
312 413
311 413
311 412
310 412
310 411
310 410
309 410
309 409
308 409
308 408
308 407
307 407
307 406
306 406
306 405
305 405
305 404
305 403
304 403
304 402
303 402
303 401
303 400
302 400
302 399
301 399
301 398
300 398
300 397
300 396
299 396
299 395
298 395
298 394
298 393
297 393
297 392
296 392
296 391
296 390
295 390
295 389
294 389
294 388
293 388
293 387
293 386
292 386
292 385
291 385
291 384
291 383
290 383
290 382
289 382
289 381
288 381
288 380
288 379
287 379
287 378
286 378
286 377
286 376
285 376
285 375
284 375
284 374
283 374
283 373
283 372
282 372
282 371
281 371
281 370
281 369
280 369
280 368
279 368
279 367
279 366
278 366
278 365
277 365
277 364
276 364
276 363
276 362
275 362
275 361
274 361
274 360
274 359
273 359
273 358
272 358
272 357
271 357
271 356
271 355
270 355
270 354
269 354
269 353
269 352
268 352
268 351
267 351
267 350
266 350
266 349
266 348
265 348
265 347
264 347
264 346
264 345
263 345
263 344
262 344
262 343
262 342
261 342
261 341
260 341
260 340
259 340
259 339
259 338
258 338
258 337
257 337
257 336
257 335
256 335
256 334
255 334
255 333
254 333
254 332
254 331
253 331
253 330
252 330
252 329
252 328
251 328
251 327
250 327
250 326
250 325
249 325
-1 -1
