pixel
list: 0
103 406
103 405
104 405
104 404
105 404
105 403
106 403
106 402
107 402
107 401
108 401
108 400
109 400
109 400
110 400
111 400
111 399
112 399
113 399
114 399
114 398
115 398
116 398
116 397
117 397
118 397
119 397
119 396
120 396
121 396
121 395
122 395
123 395
124 395
124 394
125 394
126 394
126 393
127 393
128 393
129 393
129 392
130 392
131 392
132 392
132 391
133 391
134 391
134 390
135 390
136 390
137 390
137 389
138 389
139 389
139 388
140 388
141 388
142 388
142 387
143 387
144 387
144 386
145 386
145 386
146 386
147 386
147 385
148 385
149 385
150 385
150 384
151 384
152 384
153 384
153 383
154 383
155 383
155 382
156 382
157 382
158 382
158 381
159 381
160 381
161 381
161 380
162 380
163 380
163 379
164 379
165 379
166 379
166 378
167 378
168 378
169 378
169 377
170 377
171 377
171 376
172 376
173 376
174 376
174 375
175 375
176 375
177 375
177 374
178 374
179 374
179 373
180 373
181 373
182 373
182 372
183 372
184 372
185 372
185 371
186 371
187 371
187 370
188 370
188 370
189 370
190 370
191 370
192 370
193 370
194 370
195 370
196 370
197 370
198 370
199 370
200 370
201 370
202 370
203 370
204 370
205 370
206 370
207 370
208 370
209 370
210 370
211 370
212 370
213 370
214 370
215 370
216 370
217 370
218 370
219 370
219 369
220 369
220 369
221 369
222 369
222 370
223 370
224 370
225 370
225 371
226 371
227 371
227 372
228 372
229 372
230 372
230 373
231 373
232 373
232 374
233 374
234 374
235 374
235 375
236 375
237 375
238 375
238 376
239 376
240 376
240 377
241 377
242 377
243 377
243 378
244 378
245 378
245 379
246 379
247 379
248 379
248 380
249 380
250 380
251 380
251 381
252 381
253 381
253 382
254 382
255 382
256 382
256 383
257 383
258 383
258 384
259 384
260 384
261 384
261 385
262 385
263 385
264 385
264 386
265 386
266 386
266 387
267 387
268 387
269 387
269 388
270 388
271 388
271 389
272 389
273 389
274 389
274 390
275 390
276 390
277 390
277 391
278 391
279 391
279 392
280 392
281 392
282 392
282 393
283 393
284 393
284 394
285 394
286 394
287 394
287 395
288 395
289 395
289 396
290 396
290 396
290 397
291 397
291 398
292 398
292 399
293 399
293 400
293 401
294 401
294 401
294 402
294 403
294 404
294 405
294 405
294 405
293 405
292 405
292 406
291 406
291 406
290 406
289 406
288 406
287 406
286 406
285 406
284 406
283 406
282 406
281 406
280 406
279 406
278 406
277 406
276 406
275 406
274 406
273 406
272 406
271 406
270 406
269 406
268 406
267 406
266 406
265 406
264 406
263 406
262 406
261 406
260 406
259 406
258 406
257 406
256 406
255 406
254 406
253 406
252 406
251 406
250 406
249 406
248 406
247 406
246 406
245 406
244 406
243 406
242 406
241 406
240 406
239 406
238 406
237 406
236 406
235 406
234 406
233 406
232 406
231 406
230 406
229 406
228 406
227 406
226 406
225 406
224 406
223 406
222 406
221 406
220 406
220 407
219 407
219 407
218 407
217 407
216 407
215 407
214 407
213 407
212 407
211 407
210 407
209 407
208 407
207 407
206 407
205 407
204 407
203 407
202 407
201 407
200 407
199 407
198 407
197 407
196 407
195 407
194 407
193 407
192 407
191 407
190 407
189 407
188 407
187 407
186 407
185 407
184 407
183 407
182 407
181 407
180 407
179 407
178 407
177 407
176 407
175 407
174 407
173 407
172 407
171 407
170 407
169 407
168 407
167 407
166 407
165 407
164 407
163 407
162 407
161 407
160 407
159 407
158 407
157 407
156 407
155 407
154 407
153 407
152 407
151 407
150 407
149 407
148 407
147 407
146 407
145 407
144 407
143 407
142 407
141 407
140 407
139 407
138 407
137 407
136 407
135 407
134 407
133 407
132 407
131 407
130 407
129 407
128 407
127 407
126 407
125 407
124 407
123 407
122 407
121 407
120 407
119 407
118 407
117 407
116 407
115 407
114 407
113 407
112 407
111 407
110 407
109 407
108 407
108 407
107 407
107 407
106 407
105 407
104 407
104 406
103 406
-1 -1
