pixel
list: 403
118 403
118 403
118 403
118 402
118 401
118 400
118 400
118 400
118 399
118 398
118 397
118 396
118 395
118 394
118 393
118 392
118 391
118 390
118 389
118 388
118 387
118 386
118 385
118 384
118 383
118 382
118 381
118 380
118 379
118 379
118 379
118 379
118 379
118 379
118 378
118 378
118 378
118 378
118 378
118 378
118 377
118 377
118 377
118 377
118 377
118 377
118 377
119 377
119 377
119 377
119 377
119 377
119 376
119 376
119 376
119 376
120 376
120 376
120 376
120 376
120 376
120 376
120 376
120 376
120 376
121 376
121 376
121 376
121 376
121 376
121 376
122 376
122 376
122 376
123 376
123 376
123 376
124 376
124 376
124 376
124 376
124 376
125 376
125 376
126 376
126 376
126 376
127 376
127 376
127 376
128 376
128 376
129 376
129 375
130 375
130 375
131 375
132 375
132 375
133 375
133 375
134 375
135 375
136 375
136 375
137 375
137 375
138 375
139 375
140 375
141 375
142 375
143 375
144 375
145 375
146 375
147 375
148 375
149 375
150 375
151 375
152 375
152 375
153 375
153 375
154 375
155 375
156 375
157 375
158 375
159 375
160 375
161 375
162 375
163 375
164 375
165 375
166 375
167 375
168 375
169 375
170 375
171 375
172 375
173 375
174 375
175 375
176 375
177 375
178 375
179 375
180 375
181 375
182 375
183 375
184 375
185 375
186 375
187 375
188 375
189 375
190 375
191 375
192 375
193 375
194 375
195 375
196 375
197 375
198 375
199 375
200 375
201 375
202 375
203 375
204 375
205 375
206 375
207 375
208 375
209 375
210 375
211 375
212 375
213 375
214 375
215 375
216 375
217 375
218 375
219 375
220 375
221 375
222 375
223 375
224 375
225 375
226 375
227 375
228 375
229 375
230 375
231 375
232 375
233 375
234 375
235 375
236 375
237 375
238 375
239 375
240 375
241 375
242 375
243 375
244 375
245 375
246 375
247 375
248 375
249 375
250 375
251 375
252 375
253 375
254 375
255 375
256 375
257 375
258 375
259 375
260 375
260 374
261 374
261 374
262 374
263 374
264 374
264 374
265 374
265 374
266 374
267 374
267 374
268 374
268 374
269 374
269 374
270 374
270 374
271 374
271 374
272 374
272 374
272 374
273 374
273 374
273 374
274 374
274 374
274 374
275 374
275 374
275 374
276 374
276 374
276 375
277 375
277 375
277 375
277 375
277 375
277 375
278 375
278 375
278 375
278 375
278 375
278 375
279 375
279 375
279 375
279 375
279 375
279 375
279 375
279 375
279 375
280 375
280 375
280 375
280 375
280 375
280 376
280 376
280 376
280 376
280 376
280 376
280 376
281 376
281 376
281 377
281 377
281 377
281 377
281 377
281 377
281 378
281 378
281 378
281 379
281 380
281 381
281 381
281 381
281 382
281 383
281 384
281 385
281 386
281 387
281 388
281 389
281 390
281 391
281 392
281 393
281 394
281 395
281 396
281 397
281 398
281 399
281 400
281 401
281 402
281 402
281 402
281 402
281 402
281 402
281 403
281 403
281 403
281 403
281 403
281 403
281 404
281 404
281 404
281 404
281 404
281 404
281 404
280 404
280 404
280 404
280 404
280 404
280 405
280 405
280 405
280 405
279 405
279 405
279 405
279 405
279 405
279 405
279 405
279 405
279 405
278 405
278 405
278 405
278 405
278 405
278 405
277 405
277 405
277 405
276 405
276 405
276 405
275 405
275 405
275 405
275 405
275 405
274 405
274 405
273 405
273 405
273 405
272 405
272 405
272 405
271 405
271 405
270 405
270 406
269 406
269 406
268 406
267 406
267 406
266 406
266 406
265 406
264 406
263 406
263 406
262 406
262 406
261 406
260 406
259 406
258 406
257 406
256 406
255 406
254 406
253 406
252 406
251 406
250 406
249 406
248 406
247 406
247 406
246 406
246 406
245 406
244 406
243 406
242 406
241 406
240 406
239 406
238 406
237 406
236 406
235 406
234 406
233 406
232 406
231 406
230 406
229 406
228 406
227 406
226 406
225 406
224 406
223 406
222 406
221 406
220 406
219 406
218 406
217 406
216 406
215 406
214 406
213 406
212 406
211 406
210 406
209 406
208 406
207 406
206 406
205 406
204 406
203 406
202 406
201 406
200 406
199 406
198 406
197 406
196 406
195 406
194 406
193 406
192 406
191 406
190 406
189 406
188 406
187 406
186 406
185 406
184 406
183 406
182 406
181 406
180 406
179 406
178 406
177 406
176 406
175 406
174 406
173 406
172 406
171 406
170 406
169 406
168 406
167 406
166 406
165 406
164 406
163 406
162 406
161 406
160 406
159 406
158 406
157 406
156 406
155 406
154 406
153 406
152 406
151 406
150 406
149 406
148 406
147 406
146 406
145 406
144 406
143 406
142 406
141 406
140 406
139 406
139 407
138 407
138 407
137 407
136 407
135 407
135 407
134 407
134 407
133 407
132 407
132 407
131 407
131 407
130 407
130 407
129 407
129 407
128 407
128 407
127 407
127 407
127 407
126 407
126 407
126 407
125 407
125 407
125 407
124 407
124 407
124 407
123 407
123 407
123 406
122 406
122 406
122 406
122 406
122 406
122 406
121 406
121 406
121 406
121 406
121 406
121 406
120 406
120 406
120 406
120 406
120 406
120 406
120 406
120 406
120 406
119 406
119 406
119 406
119 406
119 406
119 405
119 405
119 405
119 405
119 405
119 405
119 405
118 405
118 405
118 404
118 404
118 404
118 404
118 404
-1 -1
list: -1
-1 -1
