pixel
list: 0
282 406
281 406
280 406
279 406
278 406
277 406
276 406
275 406
274 406
273 406
272 406
271 406
270 406
269 406
268 406
267 406
266 406
265 406
264 406
263 406
262 406
261 406
260 406
259 406
258 406
257 406
256 406
255 406
254 406
253 406
252 406
251 406
250 406
249 406
248 406
247 406
246 406
245 406
244 406
243 406
242 406
241 406
240 406
239 406
238 406
237 406
236 406
235 406
234 406
233 406
232 406
231 406
230 406
229 406
228 406
227 406
226 406
225 406
224 406
223 406
222 406
221 406
220 406
219 406
218 406
217 406
216 406
215 406
214 406
213 406
212 406
211 406
210 406
209 406
208 406
207 406
206 406
205 406
204 406
203 406
203 407
202 407
201 407
200 407
199 407
198 407
197 407
196 407
195 407
194 407
193 407
192 407
191 407
190 407
189 407
188 407
187 407
186 407
185 407
184 407
183 407
182 407
181 407
180 407
179 407
178 407
177 407
176 407
175 407
174 407
173 407
172 407
171 407
170 407
169 407
168 407
167 407
166 407
165 407
164 407
163 407
162 407
161 407
160 407
159 407
158 407
157 407
156 407
155 407
154 407
153 407
152 407
151 407
150 407
149 407
148 407
147 407
146 407
145 407
144 407
143 407
142 407
141 407
140 407
139 407
138 407
137 407
136 407
135 407
134 407
133 407
132 407
131 407
130 407
129 407
128 407
127 407
126 407
125 407
124 407
124 408
123 408
123 408
123 407
123 406
123 405
123 404
123 403
123 402
123 401
123 400
123 399
123 398
123 397
123 396
123 395
123 394
123 393
123 392
123 391
123 390
123 389
123 388
123 387
123 386
123 385
123 384
123 383
123 382
123 381
123 380
123 379
123 378
122 378
122 378
123 378
124 378
125 378
126 378
127 378
128 378
129 378
130 378
131 378
132 378
133 378
134 378
135 378
136 378
137 378
138 378
139 378
140 378
141 378
142 378
143 378
144 378
145 378
146 378
147 378
148 378
149 378
150 378
151 378
152 378
153 378
154 378
155 378
156 378
157 378
158 378
159 378
160 378
161 378
162 378
163 378
164 378
165 378
166 378
167 378
168 378
169 378
170 378
171 378
172 378
173 378
174 378
175 378
176 378
177 378
178 378
179 378
180 378
181 378
182 378
183 378
184 378
185 378
186 378
187 378
188 378
189 378
190 378
191 378
192 378
193 378
194 378
195 378
196 378
197 378
198 378
199 378
200 378
201 378
201 377
202 377
203 377
204 377
205 377
206 377
207 377
208 377
209 377
210 377
211 377
212 377
213 377
214 377
215 377
216 377
217 377
218 377
219 377
220 377
221 377
222 377
223 377
224 377
225 377
226 377
227 377
228 377
229 377
230 377
231 377
232 377
233 377
234 377
235 377
236 377
237 377
238 377
239 377
240 377
241 377
242 377
243 377
244 377
245 377
246 377
247 377
248 377
249 377
250 377
251 377
252 377
253 377
254 377
255 377
256 377
257 377
258 377
259 377
260 377
261 377
262 377
263 377
264 377
265 377
266 377
267 377
268 377
269 377
270 377
271 377
272 377
273 377
274 377
275 377
276 377
277 377
278 377
279 377
280 377
280 376
281 376
281 376
281 377
281 378
281 379
281 380
281 381
281 382
281 383
281 384
281 385
281 386
281 387
281 388
281 389
281 390
281 391
281 392
281 393
281 394
281 395
281 396
281 397
281 398
281 399
281 400
281 401
281 402
281 403
281 404
281 405
281 406
282 406
-1 -1
