pixel
list: 0
92 408
93 408
94 408
94 407
95 407
96 407
97 407
97 406
98 406
99 406
99 405
100 405
101 405
102 405
102 404
103 404
104 404
104 403
105 403
106 403
107 403
107 402
108 402
109 402
109 401
110 401
111 401
112 401
112 400
113 400
114 400
114 399
115 399
116 399
117 399
117 398
118 398
119 398
119 397
120 397
121 397
122 397
122 396
123 396
124 396
125 396
125 395
126 395
127 395
127 394
128 394
129 394
130 394
130 393
131 393
132 393
132 392
133 392
134 392
135 392
135 391
136 391
137 391
137 390
138 390
139 390
140 390
140 389
141 389
142 389
142 388
143 388
144 388
145 388
145 387
146 387
147 387
147 386
148 386
149 386
150 386
150 385
151 385
152 385
153 385
153 384
154 384
155 384
155 383
156 383
157 383
158 383
158 382
159 382
160 382
160 381
161 381
162 381
163 381
163 380
164 380
165 380
165 379
166 379
167 379
168 379
168 378
169 378
170 378
170 377
171 377
172 377
173 377
173 376
174 376
175 376
175 375
176 375
177 375
178 375
178 374
179 374
180 374
181 374
181 373
182 373
183 373
183 372
184 372
185 372
186 372
186 371
187 371
188 371
188 370
189 370
190 370
191 370
191 369
192 369
193 369
193 368
194 368
195 368
196 368
196 367
197 367
198 367
198 366
199 366
200 366
201 366
201 365
202 365
203 365
203 364
204 364
204 364
205 364
206 364
206 365
207 365
208 365
209 365
209 366
210 366
211 366
211 367
212 367
213 367
214 367
214 368
215 368
216 368
216 369
217 369
218 369
219 369
219 370
220 370
221 370
221 371
222 371
223 371
224 371
224 372
225 372
226 372
226 373
227 373
228 373
229 373
229 374
230 374
231 374
231 375
232 375
233 375
234 375
234 376
235 376
236 376
236 377
237 377
238 377
239 377
239 378
240 378
241 378
241 379
242 379
243 379
244 379
244 380
245 380
246 380
246 381
247 381
248 381
249 381
249 382
250 382
251 382
251 383
252 383
253 383
254 383
254 384
255 384
256 384
256 385
257 385
258 385
259 385
259 386
260 386
261 386
262 386
262 387
263 387
264 387
264 388
265 388
266 388
267 388
267 389
268 389
269 389
269 390
270 390
271 390
272 390
272 391
273 391
274 391
274 392
275 392
276 392
277 392
277 393
278 393
279 393
279 394
280 394
281 394
282 394
282 395
283 395
284 395
284 396
285 396
286 396
287 396
287 397
288 397
289 397
289 398
290 398
291 398
292 398
292 399
293 399
294 399
294 400
295 400
296 400
297 400
297 401
298 401
299 401
299 402
300 402
301 402
302 402
302 403
303 403
304 403
304 404
305 404
306 404
307 404
307 405
308 405
309 405
309 406
310 406
310 406
309 406
308 406
307 406
306 406
305 406
304 406
303 406
302 406
301 406
300 406
299 406
298 406
297 406
296 406
295 406
294 406
293 406
292 406
291 406
290 406
289 406
288 406
287 406
286 406
285 406
284 406
283 406
282 406
281 406
280 406
279 406
278 406
277 406
276 406
275 406
274 406
273 406
272 406
271 406
270 406
269 406
268 406
267 406
266 406
265 406
264 406
263 406
262 406
261 406
260 406
259 406
258 406
257 406
256 406
255 406
254 406
253 406
252 406
251 406
250 406
249 406
248 406
247 406
246 406
245 406
244 406
243 406
242 406
241 406
240 406
239 406
238 406
237 406
236 406
235 406
234 406
233 406
232 406
231 406
230 406
229 406
228 406
227 406
226 406
225 406
224 406
223 406
222 406
221 406
220 406
219 406
218 406
217 406
216 406
215 406
214 406
213 406
212 406
211 406
210 406
209 406
208 406
207 406
206 406
205 406
204 406
203 406
202 406
202 407
201 407
200 407
199 407
198 407
197 407
196 407
195 407
194 407
193 407
192 407
191 407
190 407
189 407
188 407
187 407
186 407
185 407
184 407
183 407
182 407
181 407
180 407
179 407
178 407
177 407
176 407
175 407
174 407
173 407
172 407
171 407
170 407
169 407
168 407
167 407
166 407
165 407
164 407
163 407
162 407
161 407
160 407
159 407
158 407
157 407
156 407
155 407
154 407
153 407
152 407
151 407
150 407
149 407
148 407
147 407
146 407
145 407
144 407
143 407
142 407
141 407
140 407
139 407
138 407
137 407
136 407
135 407
134 407
133 407
132 407
131 407
130 407
129 407
128 407
127 407
126 407
125 407
124 407
123 407
122 407
121 407
120 407
119 407
118 407
117 407
116 407
115 407
114 407
113 407
112 407
111 407
110 407
109 407
108 407
107 407
106 407
105 407
104 407
103 407
102 407
101 407
100 407
99 407
98 407
97 407
96 407
95 407
94 407
93 407
93 408
92 408
-1 -1
