pixel
list: 415
131 415
131 415
131 415
131 415
132 415
132 415
132 415
132 415
132 415
132 415
132 415
132 415
132 415
133 415
133 415
133 415
133 415
133 415
133 415
133 415
133 415
133 415
134 415
134 415
134 415
135 415
135 415
135 415
135 415
135 415
135 415
136 415
136 415
136 415
137 415
137 415
137 415
138 415
138 415
138 415
139 415
139 415
139 415
140 415
140 415
141 415
141 415
142 415
142 415
143 415
144 415
144 415
145 415
145 415
146 415
147 415
147 415
148 415
148 415
149 415
150 415
151 415
152 415
153 415
154 415
155 415
156 415
157 415
158 415
158 414
159 414
159 414
160 414
161 414
162 414
163 414
164 414
165 414
166 414
167 414
168 414
169 414
170 414
171 414
172 414
173 414
174 414
175 414
176 414
177 414
178 414
179 414
180 414
181 414
182 414
183 414
184 414
185 414
186 414
187 414
188 414
189 414
190 414
191 414
192 414
193 414
194 414
195 414
196 414
197 414
198 414
199 414
200 414
201 414
202 414
203 414
204 414
205 414
206 414
207 414
208 414
209 414
210 414
211 414
212 414
213 414
214 414
215 414
216 414
217 414
218 414
219 414
220 414
221 414
222 414
223 414
224 414
225 414
226 414
227 414
228 414
229 414
230 414
231 414
232 414
233 414
234 414
235 414
236 414
237 414
238 414
239 414
240 414
241 414
242 414
243 414
244 414
245 414
246 414
247 414
248 414
249 414
250 414
251 414
252 414
253 414
254 414
255 414
256 414
257 414
258 414
259 414
260 414
261 414
262 414
263 414
264 414
264 415
265 415
265 415
266 415
267 415
268 415
268 415
269 415
269 415
270 415
271 415
271 415
272 415
272 415
273 415
273 415
274 415
274 415
275 415
275 415
276 415
276 415
276 415
277 415
277 415
277 415
278 415
278 415
278 415
279 415
279 415
279 415
280 415
280 415
280 415
280 415
280 415
280 415
281 415
281 415
281 415
281 415
281 415
281 415
282 415
282 415
282 415
282 415
282 415
282 415
283 415
283 415
283 415
283 415
283 415
283 415
283 415
283 415
283 415
283 415
283 415
283 415
284 415
284 415
284 415
284 415
284 415
284 416
284 416
284 416
284 416
284 416
284 416
284 416
284 416
284 416
284 416
284 416
284 416
284 417
284 417
284 417
284 418
284 419
284 420
284 421
284 422
284 423
284 424
284 425
284 426
284 427
284 428
284 428
284 428
284 429
284 429
284 429
284 429
284 429
284 429
284 429
284 429
284 429
284 430
284 430
284 430
284 430
284 430
284 430
284 430
284 430
284 430
284 430
283 430
283 430
283 430
283 430
283 430
283 430
283 430
283 430
283 430
282 430
282 430
282 430
282 430
282 430
282 430
282 430
282 430
282 430
281 430
281 430
281 430
280 430
280 430
280 430
280 430
280 430
280 430
279 430
279 430
279 430
278 430
278 430
278 430
277 430
277 430
277 430
276 430
276 430
276 430
275 430
275 430
274 430
274 430
273 430
273 430
272 430
271 430
271 430
270 430
270 430
269 430
268 430
268 430
267 430
267 430
266 430
265 430
264 430
263 430
262 430
261 430
260 430
259 430
258 430
257 430
257 431
256 431
256 431
255 431
254 431
253 431
252 431
251 431
250 431
249 431
248 431
247 431
246 431
245 431
244 431
243 431
242 431
241 431
240 431
239 431
238 431
237 431
236 431
235 431
234 431
233 431
232 431
231 431
230 431
229 431
228 431
227 431
226 431
225 431
224 431
223 431
222 431
221 431
220 431
219 431
218 431
217 431
216 431
215 431
214 431
213 431
212 431
211 431
210 431
209 431
208 431
207 431
206 431
205 431
204 431
203 431
202 431
201 431
200 431
199 431
198 431
197 431
196 431
195 431
194 431
193 431
192 431
191 431
190 431
189 431
188 431
187 431
186 431
185 431
184 431
183 431
182 431
181 431
180 431
179 431
178 431
177 431
176 431
175 431
174 431
173 431
172 431
171 431
170 431
169 431
168 431
167 431
166 431
165 431
164 431
163 431
162 431
161 431
160 431
159 431
158 431
157 431
156 431
155 431
154 431
153 431
152 431
151 431
151 430
150 430
150 430
149 430
148 430
147 430
147 430
146 430
146 430
145 430
144 430
144 430
143 430
143 430
142 430
142 430
141 430
141 430
140 430
140 430
139 430
139 430
139 430
138 430
138 430
138 430
137 430
137 430
137 430
136 430
136 430
136 430
135 430
135 430
135 430
135 430
135 430
135 430
134 430
134 430
134 430
134 430
134 430
134 430
133 430
133 430
133 430
133 430
133 430
133 430
132 430
132 430
132 430
132 430
132 430
132 430
132 430
132 430
132 430
132 430
132 430
132 430
131 430
131 430
131 430
131 430
131 430
131 429
131 429
131 429
131 429
131 429
131 429
131 429
131 429
131 429
131 429
131 429
131 429
131 428
131 428
131 428
131 427
131 426
131 425
131 424
131 423
131 422
131 421
131 420
131 419
131 418
131 417
131 417
131 417
131 416
131 416
131 416
131 416
131 416
131 416
131 416
131 416
131 416
131 415
131 415
131 415
131 415
131 415
-1 -1
list: -1
-1 -1
