pixel
list: 0
295 416
294 416
293 416
292 416
292 417
291 417
290 417
289 417
288 417
288 418
287 418
286 418
285 418
284 418
284 419
283 419
282 419
281 419
280 419
280 420
279 420
278 420
277 420
276 420
276 421
275 421
274 421
273 421
272 421
272 422
271 422
270 422
269 422
268 422
268 423
267 423
266 423
265 423
264 423
264 424
263 424
262 424
261 424
260 424
260 425
259 425
258 425
257 425
256 425
256 426
255 426
254 426
253 426
253 427
252 427
251 427
250 427
249 427
249 428
248 428
247 428
246 428
245 428
245 429
244 429
243 429
242 429
241 429
241 430
240 430
239 430
238 430
237 430
237 431
236 431
235 431
234 431
233 431
233 432
232 432
231 432
230 432
229 432
229 433
228 433
227 433
226 433
225 433
225 434
224 434
223 434
222 434
221 434
221 435
220 435
219 435
218 435
217 435
217 436
216 436
215 436
214 436
214 437
213 437
213 437
212 437
211 437
210 437
209 437
209 436
208 436
207 436
206 436
205 436
205 435
204 435
203 435
202 435
201 435
200 435
200 434
199 434
198 434
197 434
196 434
196 433
195 433
194 433
193 433
192 433
192 432
191 432
190 432
189 432
188 432
187 432
187 431
186 431
185 431
184 431
183 431
183 430
182 430
181 430
180 430
179 430
179 429
178 429
177 429
176 429
175 429
174 429
174 428
173 428
172 428
171 428
170 428
170 427
169 427
168 427
167 427
166 427
166 426
165 426
164 426
163 426
162 426
161 426
161 425
160 425
159 425
158 425
157 425
157 424
156 424
155 424
154 424
153 424
153 423
152 423
151 423
150 423
149 423
148 423
148 422
147 422
146 422
145 422
144 422
144 421
143 421
142 421
141 421
140 421
140 420
139 420
138 420
137 420
136 420
135 420
135 419
134 419
133 419
132 419
131 419
131 418
130 418
129 418
128 418
127 418
127 417
126 417
126 417
127 417
128 417
129 417
130 417
131 417
132 417
133 417
134 417
135 417
136 417
137 417
138 417
139 417
140 417
141 417
142 417
143 417
144 417
145 417
146 417
147 417
148 417
149 417
150 417
151 417
152 417
153 417
154 417
155 417
156 417
157 417
158 417
159 417
160 417
161 417
162 417
163 417
164 417
165 417
166 417
167 417
168 417
169 417
170 417
171 417
172 417
173 417
174 417
175 417
176 417
177 417
178 417
179 417
180 417
181 417
182 417
183 417
184 417
185 417
186 417
187 417
188 417
189 417
190 417
191 417
192 417
193 417
194 417
195 417
196 417
197 417
198 417
199 417
200 417
201 417
202 417
203 417
204 417
205 417
206 417
207 417
208 417
209 417
210 417
211 417
212 417
213 417
214 417
215 417
216 417
217 417
218 417
219 417
220 417
221 417
222 417
223 417
224 417
225 417
226 417
227 417
228 417
229 417
230 417
231 417
232 417
233 417
234 417
235 417
236 417
237 417
238 417
239 417
240 417
241 417
242 417
243 417
244 417
245 417
246 417
247 417
248 417
249 417
250 417
251 417
252 417
253 417
254 417
255 417
256 417
257 417
258 417
259 417
260 417
261 417
262 417
263 417
264 417
265 417
266 417
267 417
268 417
269 417
270 417
271 417
272 417
273 417
274 417
275 417
276 417
277 417
278 417
279 417
280 417
281 417
282 417
283 417
284 417
285 417
286 417
287 417
288 417
289 417
290 417
291 417
292 417
293 417
294 417
294 416
295 416
-1 -1
