pixel
list: 0
153 415
154 415
155 415
156 415
157 415
158 415
159 415
160 415
161 415
162 415
163 415
164 415
165 415
166 415
167 415
168 415
169 415
170 415
171 415
172 415
173 415
174 415
175 415
176 415
177 415
178 415
179 415
180 415
181 415
182 415
183 415
184 415
185 415
186 415
187 415
188 415
189 415
190 415
191 415
192 415
193 415
194 415
195 415
196 415
197 415
198 415
199 415
200 415
201 415
202 415
203 415
204 415
205 415
206 415
207 415
208 415
209 415
210 415
211 415
212 415
213 415
214 415
215 415
216 415
217 415
218 415
219 415
220 415
221 415
222 415
223 415
224 415
225 415
226 415
227 415
228 415
229 415
230 415
231 415
232 415
233 415
234 415
235 415
236 415
237 415
238 415
239 415
240 415
241 415
242 415
243 415
244 415
245 415
246 415
247 415
248 415
249 415
250 415
251 415
252 415
253 415
254 415
255 415
256 415
257 415
258 415
259 415
260 415
261 415
262 415
263 415
264 415
265 415
266 415
267 415
268 415
268 415
269 415
269 415
269 416
269 417
269 418
269 419
269 420
269 421
269 422
269 423
269 424
269 425
269 426
269 427
269 428
269 429
269 430
268 430
268 430
267 430
266 430
266 431
265 431
265 431
264 431
263 431
262 431
261 431
260 431
259 431
258 431
257 431
256 431
255 431
254 431
253 431
252 431
251 431
250 431
249 431
248 431
247 431
246 431
245 431
244 431
243 431
242 431
241 431
240 431
239 431
238 431
237 431
236 431
235 431
234 431
233 431
232 431
231 431
230 431
229 431
228 431
227 431
226 431
225 431
224 431
223 431
222 431
221 431
220 431
219 431
218 431
217 431
216 431
215 431
214 431
213 431
212 431
211 431
210 431
209 431
208 431
207 431
206 431
205 431
204 431
203 431
202 431
201 431
200 431
199 431
198 431
197 431
196 431
195 431
194 431
193 431
192 431
191 431
190 431
189 431
188 431
187 431
186 431
185 431
184 431
183 431
182 431
181 431
180 431
179 431
178 431
177 431
176 431
175 431
174 431
173 431
172 431
171 431
170 431
169 431
168 431
167 431
166 431
165 431
164 431
163 431
162 431
161 431
160 431
159 431
158 431
158 431
157 431
157 431
156 431
155 431
155 430
154 430
154 430
154 429
154 428
154 427
154 426
154 425
154 424
154 423
154 422
154 421
154 420
154 419
154 418
154 417
154 416
154 415
153 415
-1 -1
