pixel
list: 0
330 64
330 63
330 62
330 61
330 60
331 60
331 60
331 59
331 58
331 57
332 57
332 56
332 55
332 54
333 54
333 53
333 52
333 51
334 51
334 50
334 49
334 48
335 48
335 48
335 47
335 46
336 46
336 45
336 44
336 43
337 43
337 42
337 41
337 40
338 40
338 39
338 38
338 37
339 37
339 36
339 35
339 34
340 34
340 33
340 32
340 31
341 31
341 30
341 29
341 28
342 28
342 27
342 26
342 25
343 25
343 24
343 23
343 22
344 22
344 21
344 20
344 19
345 19
345 18
345 17
345 16
346 16
346 15
346 14
346 13
347 13
347 12
347 11
347 10
348 10
348 9
348 8
348 7
349 7
349 6
349 5
349 4
350 4
350 3
350 2
350 1
351 1
351 1
352 1
353 1
354 1
355 1
356 1
357 1
358 1
359 1
360 1
361 1
362 1
363 1
364 1
365 1
366 1
367 1
368 1
369 1
370 1
371 1
372 1
373 1
374 1
375 1
376 1
377 1
378 1
379 1
380 1
381 1
382 1
383 1
384 1
385 1
386 1
387 1
388 1
389 1
390 1
391 1
392 1
393 1
394 1
395 1
396 1
397 1
398 1
399 1
400 1
401 1
402 1
403 1
404 1
405 1
406 1
407 1
408 1
409 1
410 1
411 1
412 1
413 1
414 1
415 1
416 1
417 1
418 1
419 1
420 1
421 1
422 1
423 1
424 1
425 1
426 1
427 1
428 1
429 1
430 1
430 1
431 1
431 1
431 2
431 3
431 4
431 5
431 6
431 7
431 8
431 9
431 10
431 11
431 12
431 13
431 14
431 15
431 16
431 17
431 18
431 19
431 20
431 21
431 22
431 23
431 24
431 25
431 26
431 27
431 28
431 29
431 30
431 31
431 32
431 33
431 34
431 35
431 36
431 37
431 38
431 39
431 40
431 41
431 42
431 43
431 44
431 45
431 46
431 47
431 48
431 49
431 50
431 51
431 52
431 53
431 54
431 55
431 56
431 57
431 58
431 59
431 60
431 61
431 62
431 63
431 64
431 65
431 66
431 67
431 68
431 69
431 70
431 71
431 72
431 73
431 74
431 75
431 76
431 77
431 78
431 79
431 80
431 81
431 82
431 83
431 84
431 85
431 86
431 87
431 88
431 89
431 89
431 89
431 90
431 91
431 92
430 92
430 92
429 92
428 92
427 92
426 92
425 92
424 92
424 93
423 93
422 93
421 93
420 93
419 93
418 93
418 94
417 94
416 94
415 94
414 94
413 94
412 94
412 95
411 95
410 95
409 95
408 95
407 95
406 95
406 96
405 96
404 96
403 96
402 96
401 96
400 96
400 97
399 97
398 97
397 97
396 97
395 97
394 97
393 97
393 98
392 98
391 98
390 98
389 98
388 98
387 98
387 99
386 99
385 99
384 99
383 99
382 99
381 99
381 100
380 100
379 100
378 100
377 100
376 100
375 100
375 101
374 101
373 101
372 101
371 101
370 101
369 101
369 102
368 102
367 102
366 102
365 102
364 102
363 102
363 103
362 103
362 103
361 103
360 103
359 103
358 103
357 103
356 103
355 103
355 102
354 102
354 102
354 101
353 101
353 100
352 100
352 99
351 99
351 99
351 98
350 98
350 97
350 96
349 96
349 95
348 95
348 94
348 93
347 93
347 92
347 91
346 91
346 90
345 90
345 89
345 88
344 88
344 87
344 86
343 86
343 85
342 85
342 84
342 83
341 83
341 82
340 82
340 81
340 80
339 80
339 79
339 78
338 78
338 77
337 77
337 76
337 75
336 75
336 74
336 73
335 73
335 73
335 72
334 72
334 71
334 70
333 70
333 69
333 68
332 68
332 67
332 66
331 66
331 65
331 64
330 64
-1 -1
