pixel
list: 0
449 34
449 35
448 35
448 36
448 37
447 37
447 38
446 38
446 39
446 40
445 40
445 41
444 41
444 42
444 43
443 43
443 44
442 44
442 45
442 46
441 46
441 47
440 47
440 48
440 49
439 49
439 50
439 51
438 51
438 52
437 52
437 53
437 54
436 54
436 55
435 55
435 56
435 57
434 57
434 58
433 58
433 59
433 60
432 60
432 61
431 61
431 62
431 63
430 63
430 64
429 64
429 65
429 66
428 66
428 67
428 68
427 68
427 69
426 69
426 70
426 71
425 71
425 72
424 72
424 73
424 74
423 74
423 75
422 75
422 76
422 77
421 77
421 78
420 78
420 79
420 80
419 80
419 81
418 81
418 82
418 83
417 83
417 84
417 85
416 85
416 86
415 86
415 87
415 88
414 88
414 89
413 89
413 90
413 91
412 91
412 92
411 92
411 93
411 94
410 94
410 95
409 95
409 96
409 97
408 97
408 98
407 98
407 99
407 100
406 100
406 101
406 102
405 102
405 103
404 103
404 104
404 105
403 105
403 106
402 106
402 107
402 108
401 108
401 109
400 109
400 110
400 111
399 111
399 112
398 112
398 113
398 114
397 114
397 115
397 116
396 116
396 116
395 116
395 115
394 115
393 115
393 114
392 114
392 113
391 113
390 113
390 112
389 112
389 111
388 111
387 111
387 110
386 110
386 109
385 109
384 109
384 108
383 108
382 108
382 107
381 107
381 106
380 106
379 106
379 105
378 105
378 104
377 104
376 104
376 103
375 103
375 102
374 102
373 102
373 101
372 101
372 100
371 100
370 100
370 99
369 99
368 99
368 98
367 98
367 97
366 97
365 97
365 96
364 96
364 95
363 95
362 95
362 94
361 94
361 93
360 93
359 93
359 92
358 92
357 92
357 91
356 91
356 90
355 90
354 90
354 89
353 89
353 88
352 88
351 88
351 87
350 87
350 86
349 86
348 86
348 85
347 85
347 84
346 84
345 84
345 83
344 83
343 83
343 82
342 82
342 81
341 81
340 81
340 80
339 80
339 79
338 79
337 79
337 78
336 78
336 77
335 77
334 77
334 76
333 76
332 76
332 75
331 75
331 74
330 74
329 74
329 73
328 73
328 72
327 72
326 72
326 71
325 71
325 70
324 70
323 70
323 69
322 69
322 68
321 68
321 68
321 67
322 67
322 66
322 65
323 65
323 64
324 64
324 63
324 62
325 62
325 61
326 61
326 60
326 59
327 59
327 58
328 58
328 57
328 56
329 56
329 55
329 54
330 54
330 53
331 53
331 52
331 51
332 51
332 50
333 50
333 49
333 48
334 48
334 47
335 47
335 46
335 45
336 45
336 44
336 43
337 43
337 42
338 42
338 41
338 40
339 40
339 39
340 39
340 38
340 37
341 37
341 36
342 36
342 35
342 34
343 34
343 33
343 32
344 32
344 31
345 31
345 30
345 29
346 29
346 28
347 28
347 27
347 26
348 26
348 25
349 25
349 24
349 23
350 23
350 22
351 22
351 21
351 20
352 20
352 19
352 18
353 18
353 17
354 17
354 16
354 15
355 15
355 14
356 14
356 13
356 12
357 12
357 11
358 11
358 10
358 9
359 9
359 8
359 7
360 7
360 6
361 6
361 5
361 4
362 4
362 3
363 3
363 2
363 1
364 1
364 0
365 0
365 -1
365 -2
366 -2
366 -3
366 -4
367 -4
367 -5
368 -5
368 -6
368 -7
369 -7
369 -8
370 -8
370 -9
370 -10
371 -10
371 -11
372 -11
372 -12
372 -13
373 -13
373 -14
373 -15
374 -15
374 -15
375 -15
375 -14
376 -14
377 -14
377 -13
378 -13
378 -12
379 -12
380 -12
380 -11
381 -11
381 -10
382 -10
383 -10
383 -9
384 -9
384 -8
385 -8
386 -8
386 -7
387 -7
387 -6
388 -6
389 -6
389 -5
390 -5
390 -4
391 -4
392 -4
392 -3
393 -3
393 -2
394 -2
395 -2
395 -1
396 -1
396 0
397 0
398 0
398 1
399 1
400 1
400 2
401 2
401 3
402 3
403 3
403 4
404 4
404 5
405 5
406 5
406 6
407 6
407 7
408 7
409 7
409 8
410 8
410 9
411 9
412 9
412 10
413 10
413 11
414 11
415 11
415 12
416 12
416 13
417 13
418 13
418 14
419 14
419 15
420 15
421 15
421 16
422 16
422 17
423 17
424 17
424 18
425 18
426 18
426 19
427 19
427 20
428 20
429 20
429 21
430 21
430 22
431 22
432 22
432 23
433 23
433 24
434 24
435 24
435 25
436 25
436 26
437 26
438 26
438 27
439 27
439 28
440 28
441 28
441 29
442 29
442 30
443 30
444 30
444 31
445 31
445 32
446 32
447 32
447 33
448 33
448 34
449 34
-1 -1
