pixel
list: 0
323 104
323 103
323 102
324 102
324 101
324 100
324 99
325 99
325 98
325 97
326 97
326 96
326 95
326 94
327 94
327 93
327 92
328 92
328 91
328 90
328 89
329 89
329 88
329 87
330 87
330 86
330 85
330 84
331 84
331 83
331 82
332 82
332 81
332 80
332 79
333 79
333 78
333 77
334 77
334 76
334 75
334 74
335 74
335 73
335 72
336 72
336 71
336 70
336 69
337 69
337 68
337 67
338 67
338 66
338 65
338 64
339 64
339 63
339 62
340 62
340 61
340 60
340 59
341 59
341 58
341 57
342 57
342 56
342 55
342 54
343 54
343 53
343 52
344 52
344 51
344 50
344 49
345 49
345 48
345 47
346 47
346 46
346 45
346 44
347 44
347 43
347 42
348 42
348 41
348 40
348 39
349 39
349 38
349 37
350 37
350 36
350 35
350 34
351 34
351 33
351 32
352 32
352 31
352 30
352 29
353 29
353 28
353 27
354 27
354 26
354 25
354 24
355 24
355 23
355 22
356 22
356 21
356 20
356 19
357 19
357 18
357 17
358 17
358 16
358 15
358 14
359 14
359 13
359 12
360 12
360 11
360 10
360 9
361 9
361 8
361 7
362 7
362 6
362 5
362 4
363 4
363 3
363 2
364 2
364 1
364 0
364 -1
365 -1
365 -2
365 -3
366 -3
366 -4
366 -5
366 -6
367 -6
367 -7
367 -8
368 -8
368 -9
368 -10
368 -11
369 -11
369 -12
369 -13
370 -13
370 -14
370 -15
370 -16
371 -16
371 -17
371 -18
372 -18
372 -19
372 -20
372 -21
373 -21
373 -22
373 -23
374 -23
374 -24
374 -25
374 -26
375 -26
375 -27
375 -28
375 -29
376 -29
376 -29
376 -28
377 -28
377 -27
378 -27
378 -26
379 -26
379 -25
379 -24
380 -24
380 -23
381 -23
381 -22
382 -22
382 -21
382 -20
383 -20
383 -19
384 -19
384 -18
385 -18
385 -17
386 -17
386 -16
386 -15
387 -15
387 -14
388 -14
388 -13
389 -13
389 -12
389 -11
390 -11
390 -10
391 -10
391 -9
392 -9
392 -8
392 -7
393 -7
393 -6
394 -6
394 -5
395 -5
395 -4
396 -4
396 -3
396 -2
397 -2
397 -1
398 -1
398 0
399 0
399 1
399 2
400 2
400 3
401 3
401 4
402 4
402 5
402 6
403 6
403 7
404 7
404 8
405 8
405 9
406 9
406 10
406 11
407 11
407 12
408 12
408 13
409 13
409 14
409 15
410 15
410 16
411 16
411 17
412 17
412 18
413 18
413 19
413 20
414 20
414 21
415 21
415 22
416 22
416 23
416 24
417 24
417 25
418 25
418 26
419 26
419 27
419 28
420 28
420 29
421 29
421 30
422 30
422 31
423 31
423 32
423 33
424 33
424 34
425 34
425 35
426 35
426 36
426 37
427 37
427 38
428 38
428 39
429 39
429 40
429 41
430 41
430 42
431 42
431 43
432 43
432 44
433 44
433 45
433 46
434 46
434 47
435 47
435 48
436 48
436 49
436 50
437 50
437 51
438 51
438 52
439 52
439 53
440 53
440 54
440 55
441 55
441 56
442 56
442 57
443 57
443 58
443 59
444 59
444 60
445 60
445 61
446 61
446 62
446 63
447 63
447 64
448 64
448 65
449 65
449 66
450 66
450 67
450 68
451 68
451 69
452 69
452 70
453 70
453 71
453 72
454 72
454 73
455 73
455 74
456 74
456 75
456 76
457 76
457 76
456 76
455 76
454 76
453 76
453 77
452 77
451 77
450 77
449 77
448 77
448 78
447 78
446 78
445 78
444 78
443 78
443 79
442 79
441 79
440 79
439 79
438 79
438 80
437 80
436 80
435 80
434 80
434 81
433 81
432 81
431 81
430 81
429 81
429 82
428 82
427 82
426 82
425 82
424 82
424 83
423 83
422 83
421 83
420 83
419 83
419 84
418 84
417 84
416 84
415 84
414 84
414 85
413 85
412 85
411 85
410 85
410 86
409 86
408 86
407 86
406 86
405 86
405 87
404 87
403 87
402 87
401 87
400 87
400 88
399 88
398 88
397 88
396 88
395 88
395 89
394 89
393 89
392 89
391 89
391 90
390 90
389 90
388 90
387 90
386 90
386 91
385 91
384 91
383 91
382 91
381 91
381 92
380 92
379 92
378 92
377 92
376 92
376 93
375 93
374 93
373 93
372 93
371 93
371 94
370 94
369 94
368 94
367 94
367 95
366 95
365 95
364 95
363 95
362 95
362 96
361 96
360 96
359 96
358 96
357 96
357 97
356 97
355 97
354 97
353 97
352 97
352 98
351 98
350 98
349 98
348 98
347 98
347 99
346 99
345 99
344 99
343 99
343 100
342 100
341 100
340 100
339 100
338 100
338 101
337 101
336 101
335 101
334 101
333 101
333 102
332 102
331 102
330 102
329 102
328 102
328 103
327 103
326 103
325 103
324 103
324 104
323 104
-1 -1
