pixel
list: 62
335 62
335 62
335 62
335 61
335 60
335 59
335 58
335 57
335 57
335 57
335 56
335 55
335 54
335 53
335 52
335 51
335 51
335 51
335 50
335 49
335 48
335 47
335 46
335 46
335 46
335 45
335 44
335 43
335 42
335 41
335 41
335 41
335 40
335 39
335 38
335 37
335 36
336 36
336 36
336 35
336 34
336 33
336 32
336 31
336 31
336 31
336 30
336 29
336 28
336 27
336 27
336 27
336 26
336 25
336 24
336 23
336 22
337 22
337 22
337 21
337 20
337 19
337 19
337 19
337 18
337 17
337 16
337 15
338 15
338 15
338 14
338 13
338 13
338 13
338 12
338 11
339 11
339 11
339 10
339 9
339 9
339 9
339 8
339 8
339 8
339 8
340 8
340 8
340 8
341 8
341 8
342 8
342 7
343 7
343 7
344 7
344 7
345 7
345 7
346 7
347 7
347 6
348 6
348 6
349 6
350 6
351 6
351 5
352 5
352 5
353 5
354 5
355 5
355 4
356 4
356 4
357 4
358 4
359 4
359 4
360 4
360 4
361 4
362 4
363 4
364 4
364 3
365 3
365 3
366 3
367 3
368 3
369 3
369 2
370 2
370 2
371 2
372 2
373 2
374 2
374 2
375 2
375 2
376 2
377 2
378 2
379 2
379 1
380 1
380 1
381 1
382 1
383 1
384 1
384 1
385 1
385 1
386 1
387 1
388 1
389 1
390 1
390 0
391 0
391 0
392 0
393 0
394 0
395 0
395 0
396 0
396 0
397 0
398 0
399 0
400 0
400 0
401 0
401 0
402 0
403 0
404 0
405 0
405 0
406 0
406 0
407 0
408 0
409 0
409 0
410 0
410 0
411 0
412 0
413 0
413 0
414 0
414 0
415 0
416 0
417 0
417 0
418 0
418 0
419 0
420 0
420 1
421 1
421 1
422 1
423 1
423 1
424 1
424 1
425 1
425 1
426 1
426 1
426 2
427 2
427 2
427 2
428 2
428 2
428 2
428 2
428 2
428 3
429 3
429 3
429 4
429 5
429 5
429 5
429 6
429 7
429 7
429 7
429 8
429 9
429 10
430 10
430 10
430 11
430 12
430 13
430 14
430 14
430 14
430 15
430 16
430 17
430 18
431 18
431 18
431 19
431 20
431 21
431 22
431 22
431 22
431 23
431 24
431 25
431 26
431 27
432 27
432 27
432 28
432 29
432 30
432 31
432 32
432 32
432 32
432 33
432 34
432 35
432 36
432 37
432 37
432 37
432 38
432 39
432 40
432 41
432 42
432 42
432 42
432 43
432 44
432 45
432 46
432 47
432 48
432 48
432 48
432 49
432 50
432 51
432 52
432 53
432 53
432 53
432 54
432 55
432 56
432 57
432 58
432 58
432 58
432 59
432 60
432 61
432 62
432 63
431 63
431 63
431 64
431 65
431 66
431 67
431 68
431 68
431 68
431 69
431 70
431 71
431 72
431 72
431 72
431 73
431 74
431 75
431 76
431 77
430 77
430 77
430 78
430 79
430 80
430 80
430 80
430 81
430 82
430 83
430 84
429 84
429 84
429 85
429 86
429 86
429 86
429 87
429 88
428 88
428 88
428 89
428 90
428 90
428 90
428 91
428 91
428 91
428 91
427 91
427 91
427 91
426 91
426 91
425 91
425 92
424 92
424 92
423 92
423 92
422 92
422 92
421 92
420 92
420 93
419 93
419 93
418 93
417 93
416 93
416 94
415 94
415 94
414 94
413 94
412 94
412 95
411 95
411 95
410 95
409 95
408 95
408 95
407 95
407 95
406 95
405 95
404 95
403 95
403 96
402 96
402 96
401 96
400 96
399 96
398 96
398 97
397 97
397 97
396 97
395 97
394 97
393 97
393 97
392 97
392 97
391 97
390 97
389 97
388 97
388 98
387 98
387 98
386 98
385 98
384 98
383 98
383 98
382 98
382 98
381 98
380 98
379 98
378 98
377 98
377 99
376 99
376 99
375 99
374 99
373 99
372 99
372 99
371 99
371 99
370 99
369 99
368 99
367 99
367 99
366 99
366 99
365 99
364 99
363 99
362 99
362 99
361 99
361 99
360 99
359 99
358 99
358 99
357 99
357 99
356 99
355 99
354 99
354 99
353 99
353 99
352 99
351 99
350 99
350 99
349 99
349 99
348 99
347 99
347 98
346 98
346 98
345 98
344 98
344 98
343 98
343 98
342 98
342 98
341 98
341 98
341 97
340 97
340 97
340 97
339 97
339 97
339 97
339 97
339 97
339 96
338 96
338 96
338 95
338 94
338 94
338 94
338 93
338 92
338 92
338 92
338 91
338 90
338 89
337 89
337 89
337 88
337 87
337 86
337 85
337 85
337 85
337 84
337 83
337 82
337 81
336 81
336 81
336 80
336 79
336 78
336 77
336 77
336 77
336 76
336 75
336 74
336 73
336 72
335 72
335 72
335 71
335 70
335 69
335 68
335 67
335 67
-1 -1
list: -1
-1 -1
