pixel
list: 0
208 4
209 4
209 5
210 5
211 5
211 6
212 6
213 6
213 7
214 7
215 7
215 8
216 8
217 8
217 9
218 9
219 9
219 10
220 10
221 10
221 11
222 11
223 11
223 12
224 12
225 12
225 13
226 13
227 13
227 14
228 14
229 14
229 15
230 15
231 15
231 16
232 16
233 16
233 17
234 17
235 17
235 18
236 18
237 18
237 19
238 19
239 19
239 20
240 20
241 20
241 21
242 21
243 21
243 22
244 22
245 22
245 23
246 23
247 23
247 24
248 24
249 24
249 25
250 25
251 25
251 26
252 26
253 26
253 27
254 27
255 27
255 28
256 28
256 29
257 29
258 29
258 30
259 30
260 30
260 31
261 31
262 31
262 32
263 32
264 32
264 33
265 33
266 33
266 34
267 34
268 34
268 35
269 35
270 35
270 36
271 36
272 36
272 37
273 37
274 37
274 38
275 38
276 38
276 39
277 39
278 39
278 40
279 40
280 40
280 41
281 41
282 41
282 42
283 42
284 42
284 43
285 43
286 43
286 44
287 44
288 44
288 45
289 45
290 45
290 46
291 46
292 46
292 47
293 47
294 47
294 48
295 48
296 48
296 49
297 49
298 49
298 50
299 50
300 50
300 51
301 51
302 51
302 52
303 52
304 52
304 53
305 53
305 54
306 54
307 54
307 55
308 55
309 55
309 56
310 56
311 56
311 57
312 57
313 57
313 58
314 58
315 58
315 59
316 59
317 59
317 60
318 60
319 60
319 61
320 61
321 61
321 62
322 62
323 62
323 63
324 63
325 63
325 64
326 64
327 64
327 65
328 65
329 65
329 66
330 66
331 66
331 67
332 67
333 67
333 68
334 68
335 68
335 69
336 69
337 69
337 70
338 70
339 70
339 71
340 71
341 71
341 72
342 72
343 72
343 73
344 73
345 73
345 74
346 74
347 74
347 75
348 75
349 75
349 76
350 76
351 76
351 77
352 77
352 78
353 78
353 78
353 79
352 79
352 80
351 80
351 81
350 81
350 82
349 82
349 83
348 83
348 84
347 84
347 85
346 85
346 86
345 86
345 87
344 87
344 88
343 88
343 89
343 90
342 90
342 91
341 91
341 92
340 92
340 93
339 93
339 94
338 94
338 95
337 95
337 96
336 96
336 97
335 97
335 98
334 98
334 99
333 99
333 100
332 100
332 101
332 102
331 102
331 103
330 103
330 104
329 104
329 105
328 105
328 106
327 106
327 107
326 107
326 108
325 108
325 109
324 109
324 110
323 110
323 111
322 111
322 112
321 112
321 113
321 114
320 114
320 115
319 115
319 116
318 116
318 117
317 117
317 118
316 118
316 119
315 119
315 120
314 120
314 121
313 121
313 122
312 122
312 123
311 123
311 124
310 124
310 125
310 126
309 126
309 126
309 125
308 125
308 124
307 124
307 123
306 123
306 122
305 122
305 121
305 120
304 120
304 119
303 119
303 118
302 118
302 117
301 117
301 116
300 116
300 115
300 114
299 114
299 113
298 113
298 112
297 112
297 111
296 111
296 110
295 110
295 109
295 108
294 108
294 107
293 107
293 106
292 106
292 105
291 105
291 104
290 104
290 103
290 102
289 102
289 101
288 101
288 100
287 100
287 99
286 99
286 98
285 98
285 97
285 96
284 96
284 95
283 95
283 94
282 94
282 93
281 93
281 92
281 91
280 91
280 90
279 90
279 89
278 89
278 88
277 88
277 87
276 87
276 86
276 85
275 85
275 84
274 84
274 83
273 83
273 82
272 82
272 81
271 81
271 80
271 79
270 79
270 78
269 78
269 77
268 77
268 76
267 76
267 75
266 75
266 74
266 73
265 73
265 72
264 72
264 71
263 71
263 70
262 70
262 69
261 69
261 68
261 67
260 67
260 66
259 66
259 65
258 65
258 64
257 64
257 63
257 62
256 62
256 61
255 61
255 60
254 60
254 59
253 59
253 58
252 58
252 57
252 56
251 56
251 55
250 55
250 54
249 54
249 53
248 53
248 52
247 52
247 51
247 50
246 50
246 49
245 49
245 48
244 48
244 47
243 47
243 46
242 46
242 45
242 44
241 44
241 43
240 43
240 42
239 42
239 41
238 41
238 40
237 40
237 39
237 38
236 38
236 37
235 37
235 36
234 36
234 35
233 35
233 34
233 33
232 33
232 32
231 32
231 31
230 31
230 30
229 30
229 29
228 29
228 28
228 27
227 27
227 26
226 26
226 25
225 25
225 24
224 24
224 23
223 23
223 22
223 21
222 21
222 20
221 20
221 19
220 19
220 18
219 18
219 17
218 17
218 16
218 15
217 15
217 14
216 14
216 13
215 13
215 12
214 12
214 11
213 11
213 10
213 9
212 9
212 8
211 8
211 7
210 7
210 6
209 6
209 5
209 4
208 4
-1 -1
