pixel
list: 0
361 110
361 111
360 111
360 112
359 112
359 113
358 113
358 114
357 114
357 115
357 116
356 116
356 117
355 117
355 118
354 118
354 119
353 119
353 120
352 120
352 121
352 122
351 122
351 123
350 123
350 124
349 124
349 125
348 125
348 126
348 127
347 127
347 127
346 127
346 126
345 126
345 125
344 125
344 124
343 124
342 124
342 123
341 123
341 122
340 122
340 121
339 121
338 121
338 120
337 120
337 119
336 119
336 118
335 118
334 118
334 117
333 117
333 116
332 116
332 115
331 115
331 114
330 114
329 114
329 113
328 113
328 112
327 112
327 111
326 111
325 111
325 110
324 110
324 109
323 109
323 108
322 108
321 108
321 107
320 107
320 106
319 106
319 105
318 105
317 105
317 104
316 104
316 103
315 103
315 102
314 102
314 101
313 101
312 101
312 100
311 100
311 99
310 99
310 98
309 98
308 98
308 97
307 97
307 96
306 96
306 95
305 95
304 95
304 94
303 94
303 93
302 93
302 92
301 92
300 92
300 91
299 91
299 90
298 90
298 89
297 89
297 88
296 88
295 88
295 87
294 87
294 86
293 86
293 85
292 85
291 85
291 84
290 84
290 83
289 83
289 82
288 82
287 82
287 81
286 81
286 80
285 80
285 79
284 79
284 78
283 78
282 78
282 77
281 77
281 76
280 76
280 75
279 75
278 75
278 74
277 74
277 73
276 73
276 72
275 72
274 72
274 71
273 71
273 70
272 70
272 69
271 69
270 69
270 68
269 68
269 67
268 67
268 66
267 66
267 65
266 65
265 65
265 64
264 64
264 63
263 63
263 62
262 62
261 62
261 61
260 61
260 60
259 60
259 59
258 59
257 59
257 58
256 58
256 57
255 57
255 56
254 56
253 56
253 55
252 55
252 54
251 54
251 53
250 53
250 52
249 52
248 52
248 51
247 51
247 50
246 50
246 49
245 49
244 49
244 48
243 48
243 47
242 47
242 46
241 46
240 46
240 45
239 45
239 44
238 44
238 43
237 43
236 43
236 42
235 42
235 41
234 41
234 40
233 40
233 39
232 39
231 39
231 38
230 38
230 37
229 37
229 36
228 36
227 36
227 35
226 35
226 34
225 34
225 33
224 33
223 33
223 32
222 32
222 31
221 31
221 30
220 30
220 29
219 29
219 29
219 28
220 28
220 27
221 27
221 26
222 26
222 25
222 24
223 24
223 23
224 23
224 22
225 22
225 21
225 20
226 20
226 19
227 19
227 18
228 18
228 17
229 17
229 16
229 15
230 15
230 14
231 14
231 13
232 13
232 12
232 11
233 11
233 11
234 11
234 12
235 12
235 13
236 13
236 14
237 14
238 14
238 15
239 15
239 16
240 16
240 17
241 17
242 17
242 18
243 18
243 19
244 19
244 20
245 20
245 21
246 21
247 21
247 22
248 22
248 23
249 23
249 24
250 24
251 24
251 25
252 25
252 26
253 26
253 27
254 27
254 28
255 28
256 28
256 29
257 29
257 30
258 30
258 31
259 31
260 31
260 32
261 32
261 33
262 33
262 34
263 34
264 34
264 35
265 35
265 36
266 36
266 37
267 37
267 38
268 38
269 38
269 39
270 39
270 40
271 40
271 41
272 41
273 41
273 42
274 42
274 43
275 43
275 44
276 44
276 45
277 45
278 45
278 46
279 46
279 47
280 47
280 48
281 48
282 48
282 49
283 49
283 50
284 50
284 51
285 51
286 51
286 52
287 52
287 53
288 53
288 54
289 54
289 55
290 55
291 55
291 56
292 56
292 57
293 57
293 58
294 58
295 58
295 59
296 59
296 60
297 60
297 61
298 61
298 62
299 62
300 62
300 63
301 63
301 64
302 64
302 65
303 65
304 65
304 66
305 66
305 67
306 67
306 68
307 68
307 69
308 69
309 69
309 70
310 70
310 71
311 71
311 72
312 72
313 72
313 73
314 73
314 74
315 74
315 75
316 75
317 75
317 76
318 76
318 77
319 77
319 78
320 78
320 79
321 79
322 79
322 80
323 80
323 81
324 81
324 82
325 82
326 82
326 83
327 83
327 84
328 84
328 85
329 85
329 86
330 86
331 86
331 87
332 87
332 88
333 88
333 89
334 89
335 89
335 90
336 90
336 91
337 91
337 92
338 92
339 92
339 93
340 93
340 94
341 94
341 95
342 95
342 96
343 96
344 96
344 97
345 97
345 98
346 98
346 99
347 99
348 99
348 100
349 100
349 101
350 101
350 102
351 102
351 103
352 103
353 103
353 104
354 104
354 105
355 105
355 106
356 106
357 106
357 107
358 107
358 108
359 108
359 109
360 109
360 110
361 110
-1 -1
