pixel
list: 19
202 19
202 19
202 19
203 19
204 19
205 19
206 19
207 19
208 19
209 19
209 20
210 20
210 20
211 20
212 20
213 20
214 20
215 20
216 20
216 21
217 21
217 21
218 21
219 21
220 21
221 21
222 21
223 21
224 21
224 21
225 21
225 21
226 21
227 21
228 21
229 21
230 21
230 22
231 22
231 22
232 22
233 22
234 22
235 22
236 22
237 22
237 23
238 23
238 23
239 23
240 23
241 23
242 23
242 23
243 23
243 23
244 23
245 23
246 23
247 23
247 24
248 24
248 24
249 24
250 24
251 24
251 24
252 24
252 24
253 24
254 24
255 24
255 25
256 25
256 25
257 25
257 25
258 25
258 25
258 25
259 25
259 25
259 25
260 25
260 25
260 26
260 26
260 26
261 26
261 27
262 27
262 27
262 28
263 28
263 29
264 29
264 29
264 30
265 30
265 31
266 31
266 31
267 31
267 32
268 32
268 33
269 33
269 34
270 34
270 34
270 35
271 35
271 36
272 36
272 37
273 37
273 38
274 38
274 38
274 39
275 39
275 40
276 40
276 41
277 41
277 42
278 42
278 42
279 42
279 43
280 43
280 44
281 44
281 45
282 45
282 46
283 46
283 46
283 47
284 47
284 48
285 48
285 49
286 49
286 50
287 50
287 51
288 51
288 51
289 51
289 52
290 52
290 53
291 53
291 54
292 54
292 55
293 55
293 56
294 56
294 56
294 57
295 57
295 58
296 58
296 59
297 59
297 60
298 60
298 61
299 61
299 61
300 61
300 62
301 62
301 63
302 63
302 64
303 64
303 65
304 65
304 66
305 66
305 66
306 66
306 67
307 67
307 68
308 68
308 69
309 69
309 70
310 70
310 71
311 71
311 71
311 72
312 72
312 73
313 73
313 74
314 74
314 75
315 75
315 76
316 76
316 77
317 77
317 77
317 78
318 78
318 79
319 79
319 80
320 80
320 81
321 81
321 82
322 82
322 82
322 83
323 83
323 84
324 84
324 85
325 85
325 86
326 86
326 87
327 87
327 87
328 87
328 88
329 88
329 89
330 89
330 90
331 90
331 91
332 91
332 91
333 91
333 92
334 92
334 93
335 93
335 94
336 94
336 95
337 95
337 95
337 96
338 96
338 97
339 97
339 98
340 98
340 99
341 99
341 99
341 100
342 100
342 101
343 101
343 102
344 102
344 102
344 103
345 103
345 104
346 104
346 105
347 105
347 105
347 106
348 106
348 107
349 107
349 107
349 108
350 108
350 109
351 109
351 109
351 110
352 110
352 110
352 110
352 110
352 110
352 110
351 110
351 110
351 110
350 110
350 110
349 110
348 110
348 110
347 110
347 110
346 110
345 110
345 109
344 109
344 109
343 109
342 109
341 109
340 109
340 109
339 109
339 109
338 109
337 109
336 109
335 109
335 108
334 108
334 108
333 108
332 108
331 108
330 108
330 108
329 108
329 108
328 108
327 108
326 108
325 108
324 108
323 108
323 107
322 107
322 107
321 107
320 107
319 107
318 107
317 107
316 107
316 107
315 107
315 107
314 107
313 107
312 107
311 107
310 107
309 107
309 106
308 106
308 106
307 106
306 106
305 106
304 106
303 106
302 106
301 106
301 105
300 105
300 105
299 105
298 105
297 105
296 105
295 105
294 105
294 105
293 105
293 105
292 105
291 105
290 105
289 105
288 105
287 105
286 105
286 104
285 104
285 104
284 104
283 104
282 104
281 104
280 104
279 104
278 104
278 103
277 103
277 103
276 103
275 103
274 103
273 103
272 103
271 103
271 102
270 102
270 102
269 102
268 102
267 102
266 102
265 102
264 102
263 102
263 102
262 102
262 102
261 102
260 102
259 102
258 102
257 102
257 101
256 101
256 101
255 101
254 101
253 101
252 101
251 101
250 101
250 100
249 100
249 100
248 100
247 100
246 100
245 100
245 100
244 100
244 100
243 100
242 100
241 100
240 100
240 99
239 99
239 99
238 99
237 99
236 99
236 99
235 99
235 99
234 99
233 99
232 99
232 98
231 98
231 98
230 98
230 98
229 98
229 98
229 98
228 98
228 98
228 98
227 98
227 98
227 97
227 97
227 97
226 97
226 96
225 96
225 96
225 95
224 95
224 94
223 94
223 94
223 93
222 93
222 92
221 92
221 92
220 92
220 91
219 91
219 90
218 90
218 89
217 89
217 89
217 88
216 88
216 87
215 87
215 86
214 86
214 85
213 85
213 85
213 84
212 84
212 83
211 83
211 82
210 82
210 81
209 81
209 81
208 81
208 80
207 80
207 79
206 79
206 78
205 78
205 77
204 77
204 77
204 76
203 76
203 75
202 75
202 74
201 74
201 73
200 73
200 72
199 72
199 72
198 72
198 71
197 71
197 70
196 70
196 69
195 69
195 68
194 68
194 67
193 67
193 67
193 66
192 66
192 65
191 65
191 64
190 64
190 63
189 63
189 62
188 62
188 62
187 62
187 61
186 61
186 60
185 60
185 59
184 59
184 58
183 58
183 57
182 57
182 57
181 57
181 56
180 56
180 55
179 55
179 54
178 54
178 53
177 53
177 52
176 52
176 52
176 51
175 51
175 50
174 50
174 49
173 49
173 48
172 48
172 47
171 47
171 46
170 46
170 46
170 45
169 45
169 44
168 44
168 43
167 43
167 42
166 42
166 41
165 41
165 41
165 40
164 40
164 39
163 39
163 38
162 38
162 37
161 37
161 36
160 36
160 36
159 36
159 35
158 35
158 34
157 34
157 33
156 33
156 32
155 32
155 32
154 32
154 31
153 31
153 30
152 30
152 29
151 29
151 28
150 28
150 28
150 27
149 27
149 26
148 26
148 25
147 25
147 24
146 24
146 24
146 23
145 23
145 22
144 22
144 21
143 21
143 21
143 20
142 20
142 19
141 19
141 18
140 18
140 18
140 17
139 17
139 16
138 16
138 16
138 15
137 15
137 14
136 14
136 14
136 13
135 13
135 13
135 13
135 13
135 13
135 13
136 13
136 13
136 13
137 13
137 13
138 13
139 13
139 13
140 13
140 13
141 13
142 13
142 14
143 14
143 14
144 14
145 14
146 14
147 14
147 14
148 14
148 14
149 14
150 14
151 14
152 14
152 15
153 15
153 15
154 15
155 15
156 15
157 15
157 15
158 15
158 15
159 15
160 15
161 15
162 15
163 15
164 15
164 16
165 16
165 16
166 16
167 16
168 16
169 16
170 16
171 16
171 16
172 16
172 16
173 16
174 16
175 16
176 16
177 16
178 16
178 17
179 17
179 17
180 17
181 17
182 17
183 17
184 17
185 17
186 17
186 18
187 18
187 18
188 18
189 18
190 18
191 18
192 18
193 18
193 18
194 18
-1 -1
list: -1
-1 -1
