pixel
list: 0
291 39
292 39
292 40
293 40
294 40
294 41
295 41
295 42
296 42
297 42
297 43
298 43
298 44
299 44
300 44
300 45
301 45
302 45
302 46
303 46
303 47
304 47
305 47
305 48
306 48
306 49
307 49
307 49
307 50
308 50
308 51
308 52
309 52
309 53
310 53
310 54
310 55
311 55
311 56
312 56
312 57
312 58
313 58
313 59
314 59
314 60
314 61
315 61
315 62
316 62
316 63
316 64
317 64
317 65
317 66
318 66
318 67
319 67
319 68
319 69
320 69
320 70
321 70
321 71
321 72
322 72
322 73
323 73
323 74
323 75
324 75
324 76
325 76
325 77
325 78
326 78
326 79
326 80
327 80
327 81
328 81
328 82
328 83
329 83
329 84
330 84
330 85
330 86
331 86
331 87
332 87
332 88
332 89
333 89
333 90
334 90
334 91
334 92
335 92
335 93
335 94
336 94
336 95
337 95
337 96
337 97
338 97
338 98
339 98
339 99
339 100
340 100
340 101
341 101
341 102
341 103
342 103
342 104
343 104
343 105
343 106
344 106
344 107
344 108
345 108
345 108
345 109
345 110
345 111
346 111
346 112
346 113
346 114
347 114
347 115
347 116
347 117
348 117
348 118
348 119
348 120
349 120
349 120
348 120
347 120
346 120
345 120
344 120
344 119
343 119
342 119
341 119
340 119
339 119
339 118
338 118
338 118
337 118
336 118
335 118
335 117
334 117
333 117
332 117
332 116
331 116
330 116
329 116
329 115
328 115
327 115
326 115
325 115
325 114
324 114
323 114
322 114
322 113
321 113
320 113
319 113
319 112
318 112
317 112
316 112
315 112
315 111
314 111
313 111
312 111
312 110
311 110
310 110
309 110
309 109
308 109
307 109
306 109
305 109
305 108
304 108
303 108
302 108
302 107
301 107
300 107
299 107
299 106
298 106
298 106
298 105
297 105
297 104
296 104
296 103
295 103
295 102
294 102
294 101
293 101
293 100
293 99
292 99
292 99
292 98
292 97
292 96
292 95
292 94
292 93
292 92
292 91
292 90
292 89
292 88
292 87
292 86
292 85
292 84
292 83
292 82
292 81
292 80
292 79
292 78
292 77
292 76
292 75
292 74
292 73
292 72
292 71
292 70
292 69
292 68
292 67
292 66
292 65
292 64
292 63
292 62
292 61
292 60
292 59
292 58
292 57
292 56
292 55
292 54
292 53
292 52
292 51
292 50
292 49
292 48
292 47
292 46
292 45
292 44
292 43
292 42
292 41
292 40
292 39
291 39
-1 -1
