pixel
list: 0
74 165
74 164
74 163
74 162
74 161
74 160
74 159
74 158
74 157
74 156
74 155
74 154
74 153
74 152
74 151
74 150
74 149
75 149
75 148
75 147
75 146
75 145
75 144
75 143
75 142
75 141
75 140
75 139
75 138
75 137
75 136
75 135
75 134
75 133
76 133
76 132
76 131
76 130
76 129
76 128
76 127
76 126
76 125
76 124
76 123
76 122
76 121
76 120
76 119
76 118
76 117
77 117
77 116
77 115
77 114
77 113
77 112
77 111
77 110
77 109
77 108
77 107
77 106
77 105
77 104
77 103
77 102
77 101
78 101
78 100
78 99
78 98
78 97
78 96
78 95
78 94
78 93
78 92
78 91
78 90
78 89
78 88
78 87
78 86
78 85
79 85
79 85
80 85
80 84
81 84
82 84
82 83
83 83
83 82
84 82
85 82
85 81
86 81
87 81
87 80
88 80
88 79
89 79
90 79
90 78
91 78
92 78
92 77
93 77
93 76
94 76
95 76
95 75
96 75
97 75
97 74
98 74
98 73
99 73
100 73
100 72
101 72
101 71
102 71
103 71
103 70
104 70
105 70
105 69
106 69
106 68
107 68
108 68
108 67
109 67
110 67
110 66
111 66
111 65
112 65
113 65
113 64
114 64
115 64
115 63
116 63
116 62
117 62
118 62
118 61
119 61
119 60
120 60
121 60
121 59
122 59
123 59
123 58
124 58
124 57
125 57
126 57
126 56
127 56
128 56
128 55
129 55
129 54
130 54
131 54
131 53
132 53
133 53
133 52
134 52
134 51
135 51
136 51
136 50
137 50
138 50
138 49
139 49
139 48
140 48
141 48
141 47
142 47
142 46
143 46
144 46
144 45
145 45
146 45
146 44
147 44
147 43
148 43
149 43
149 42
150 42
151 42
151 41
152 41
152 40
153 40
154 40
154 39
155 39
156 39
156 38
157 38
157 37
158 37
159 37
159 36
160 36
160 35
161 35
162 35
162 34
163 34
164 34
164 33
165 33
165 32
166 32
167 32
167 31
168 31
169 31
169 30
170 30
170 29
171 29
172 29
172 28
173 28
174 28
174 27
175 27
175 26
176 26
177 26
177 25
178 25
179 25
179 24
180 24
180 23
181 23
182 23
182 22
183 22
183 21
184 21
185 21
185 20
186 20
187 20
187 19
188 19
188 18
189 18
190 18
190 17
191 17
192 17
192 16
193 16
193 15
194 15
195 15
195 14
196 14
197 14
197 13
198 13
198 12
199 12
200 12
200 11
201 11
201 10
202 10
202 10
202 11
201 11
201 12
200 12
200 13
199 13
199 14
198 14
198 15
198 16
197 16
197 17
196 17
196 18
195 18
195 19
194 19
194 20
193 20
193 21
193 22
192 22
192 23
191 23
191 24
190 24
190 25
189 25
189 26
188 26
188 27
188 28
187 28
187 29
186 29
186 30
185 30
185 31
184 31
184 32
184 33
183 33
183 34
182 34
182 35
181 35
181 36
180 36
180 37
179 37
179 38
179 39
178 39
178 40
177 40
177 41
176 41
176 42
175 42
175 43
174 43
174 44
174 45
173 45
173 46
172 46
172 47
171 47
171 48
170 48
170 49
169 49
169 50
169 51
168 51
168 52
167 52
167 53
166 53
166 54
165 54
165 55
165 56
164 56
164 57
163 57
163 58
162 58
162 59
161 59
161 60
160 60
160 61
160 62
159 62
159 63
158 63
158 64
157 64
157 65
156 65
156 66
155 66
155 67
155 68
154 68
154 69
153 69
153 70
152 70
152 71
151 71
151 72
150 72
150 73
150 74
149 74
149 75
148 75
148 76
147 76
147 77
146 77
146 78
146 79
145 79
145 80
144 80
144 81
143 81
143 82
142 82
142 83
141 83
141 84
141 85
140 85
140 86
139 86
139 87
138 87
138 88
137 88
137 89
136 89
136 90
136 91
135 91
135 92
134 92
134 93
133 93
133 94
132 94
132 95
131 95
131 96
131 97
130 97
130 98
129 98
129 99
128 99
128 100
127 100
127 101
127 102
126 102
126 103
125 103
125 104
124 104
124 105
123 105
123 106
122 106
122 107
122 108
121 108
121 109
120 109
120 110
119 110
119 111
118 111
118 112
117 112
117 113
117 114
116 114
116 115
115 115
115 116
114 116
114 117
113 117
113 118
112 118
112 119
112 120
111 120
111 121
110 121
110 122
109 122
109 123
108 123
108 124
108 125
107 125
107 126
106 126
106 127
105 127
105 128
104 128
104 129
103 129
103 130
103 131
102 131
102 132
101 132
101 133
100 133
100 134
99 134
99 135
98 135
98 136
98 137
97 137
97 138
96 138
96 139
95 139
95 140
94 140
94 141
93 141
93 142
93 143
92 143
92 144
91 144
91 145
90 145
90 146
89 146
89 147
89 148
88 148
88 149
87 149
87 150
86 150
86 151
85 151
85 152
84 152
84 153
84 154
83 154
83 155
82 155
82 156
81 156
81 157
80 157
80 158
79 158
79 159
79 160
78 160
78 161
77 161
77 162
76 162
76 163
75 163
75 164
75 165
74 165
-1 -1
