pixel
list: 0
188 23
188 24
187 24
187 25
186 25
186 26
185 26
185 27
184 27
184 28
183 28
183 29
182 29
182 30
181 30
181 31
180 31
180 32
179 32
179 33
178 33
178 34
177 34
177 35
177 36
176 36
176 37
175 37
175 38
174 38
174 39
173 39
173 40
172 40
172 41
171 41
171 42
170 42
170 43
169 43
169 44
168 44
168 45
167 45
167 46
166 46
166 47
165 47
165 48
165 49
164 49
164 50
163 50
163 51
162 51
162 52
161 52
161 53
160 53
160 54
159 54
159 55
158 55
158 56
157 56
157 57
156 57
156 58
155 58
155 59
154 59
154 60
154 61
153 61
153 62
152 62
152 63
151 63
151 64
150 64
150 65
149 65
149 66
148 66
148 67
147 67
147 68
146 68
146 69
145 69
145 70
144 70
144 71
143 71
143 72
142 72
142 73
142 74
141 74
141 75
140 75
140 76
139 76
139 77
138 77
138 78
137 78
137 79
136 79
136 80
135 80
135 81
134 81
134 82
133 82
133 83
132 83
132 84
131 84
131 85
131 86
130 86
130 87
129 87
129 88
128 88
128 89
127 89
127 90
126 90
126 91
125 91
125 92
124 92
124 93
123 93
123 94
122 94
122 95
121 95
121 96
120 96
120 97
119 97
119 98
119 99
118 99
118 100
117 100
117 101
116 101
116 102
115 102
115 103
114 103
114 104
113 104
113 105
112 105
112 106
111 106
111 107
110 107
110 108
109 108
109 109
108 109
108 110
108 111
107 111
107 112
106 112
106 113
105 113
105 114
104 114
104 115
103 115
103 116
102 116
102 117
101 117
101 118
100 118
100 119
99 119
99 120
98 120
98 121
97 121
97 122
96 122
96 123
96 124
95 124
95 125
94 125
94 126
93 126
93 127
92 127
92 128
91 128
91 129
90 129
90 130
89 130
89 131
88 131
88 132
87 132
87 133
86 133
86 134
85 134
85 135
85 136
84 136
84 137
83 137
83 138
82 138
82 139
81 139
81 140
80 140
80 141
79 141
79 142
78 142
78 143
77 143
77 144
76 144
76 145
75 145
75 146
74 146
74 147
73 147
73 148
73 149
72 149
72 150
71 150
71 151
70 151
70 152
69 152
69 153
68 153
68 154
67 154
67 155
66 155
66 156
65 156
65 157
64 157
64 158
63 158
63 159
62 159
62 160
62 161
61 161
61 161
60 161
60 160
59 160
59 159
58 159
58 158
57 158
57 157
56 157
56 156
55 156
54 156
54 155
53 155
53 154
52 154
52 153
51 153
51 152
50 152
50 151
49 151
49 151
49 150
50 150
50 149
51 149
51 148
52 148
52 147
53 147
53 146
54 146
54 145
55 145
55 144
56 144
56 143
57 143
57 142
58 142
58 141
59 141
59 140
59 139
60 139
60 138
61 138
61 137
62 137
62 136
63 136
63 135
64 135
64 134
65 134
65 133
66 133
66 132
67 132
67 131
68 131
68 130
69 130
69 129
70 129
70 128
70 127
71 127
71 126
72 126
72 125
73 125
73 124
74 124
74 123
75 123
75 122
76 122
76 121
77 121
77 120
78 120
78 119
79 119
79 118
80 118
80 117
80 116
81 116
81 115
82 115
82 114
83 114
83 113
84 113
84 112
85 112
85 111
86 111
86 110
87 110
87 109
88 109
88 108
89 108
89 107
90 107
90 106
91 106
91 105
91 104
92 104
92 103
93 103
93 102
94 102
94 101
95 101
95 100
96 100
96 99
97 99
97 98
98 98
98 97
99 97
99 96
100 96
100 95
101 95
101 94
101 93
102 93
102 92
103 92
103 91
104 91
104 90
105 90
105 89
106 89
106 88
107 88
107 87
108 87
108 86
109 86
109 85
110 85
110 84
111 84
111 83
112 83
112 82
112 81
113 81
113 80
114 80
114 79
115 79
115 78
116 78
116 77
117 77
117 76
118 76
118 75
119 75
119 74
120 74
120 73
121 73
121 72
122 72
122 71
123 71
123 70
123 69
124 69
124 68
125 68
125 67
126 67
126 66
127 66
127 65
128 65
128 64
129 64
129 63
130 63
130 62
131 62
131 61
132 61
132 60
133 60
133 59
133 58
134 58
134 57
135 57
135 56
136 56
136 55
137 55
137 54
138 54
138 53
139 53
139 52
140 52
140 51
141 51
141 50
142 50
142 49
143 49
143 48
144 48
144 47
144 46
145 46
145 45
146 45
146 44
147 44
147 43
148 43
148 42
149 42
149 41
150 41
150 40
151 40
151 39
152 39
152 38
153 38
153 37
154 37
154 36
154 35
155 35
155 34
156 34
156 33
157 33
157 32
158 32
158 31
159 31
159 30
160 30
160 29
161 29
161 28
162 28
162 27
163 27
163 26
164 26
164 25
165 25
165 24
165 23
166 23
166 22
167 22
167 21
168 21
168 20
169 20
169 19
170 19
170 18
171 18
171 17
172 17
172 16
173 16
173 15
174 15
174 14
175 14
175 13
175 12
176 12
176 12
177 12
177 13
178 13
178 14
179 14
179 15
180 15
180 16
181 16
181 17
182 17
182 18
183 18
183 19
184 19
184 20
185 20
185 21
186 21
186 22
187 22
187 23
188 23
-1 -1
