pixel
list: 149
70 149
70 149
70 149
70 148
69 148
69 148
69 147
69 147
69 147
69 146
69 145
68 145
68 145
68 144
68 143
68 143
68 143
68 142
68 141
68 140
68 140
68 140
68 139
68 138
68 137
69 137
69 137
69 136
69 135
69 134
69 134
69 134
69 133
69 132
69 131
70 131
70 131
70 130
70 129
70 128
71 128
71 128
71 127
71 126
71 125
71 124
72 124
72 124
72 123
73 123
73 122
73 121
74 121
74 121
74 120
74 119
75 119
75 118
75 117
76 117
76 117
76 116
76 115
77 115
77 114
77 113
78 113
78 113
78 112
78 111
79 111
79 110
79 109
80 109
80 109
80 108
80 107
81 107
81 106
81 105
82 105
82 105
82 104
83 104
83 103
84 103
84 102
84 101
85 101
85 101
85 100
86 100
86 99
86 98
87 98
87 97
87 96
88 96
88 96
88 95
89 95
89 94
90 94
90 93
90 92
91 92
91 92
91 91
91 90
92 90
92 89
92 88
93 88
93 88
93 87
94 87
94 86
95 86
95 85
96 85
96 84
97 84
97 84
97 83
98 83
98 82
99 82
99 81
100 81
100 81
100 80
101 80
101 79
102 79
102 78
102 77
103 77
103 77
103 76
104 76
104 75
105 75
105 74
105 73
106 73
106 73
106 72
107 72
107 71
108 71
108 70
109 70
109 70
109 69
110 69
110 68
111 68
111 68
111 67
112 67
112 66
113 66
113 65
114 65
114 65
115 65
115 64
116 64
116 63
117 63
117 63
118 63
118 62
119 62
119 61
120 61
120 60
121 60
121 60
121 59
122 59
122 58
123 58
123 57
124 57
124 57
125 57
125 56
126 56
126 55
127 55
127 54
128 54
128 54
129 54
129 53
130 53
130 52
131 52
131 51
132 51
132 51
133 51
133 50
134 50
135 50
135 49
136 49
136 48
137 48
137 48
138 48
138 47
139 47
139 46
140 46
140 45
141 45
141 45
142 45
142 44
143 44
144 44
144 43
145 43
145 43
146 43
146 42
147 42
147 41
148 41
148 40
149 40
149 40
150 40
150 39
151 39
152 39
152 38
153 38
153 38
154 38
154 37
155 37
156 37
156 36
157 36
157 36
158 36
158 35
159 35
160 35
160 34
161 34
161 34
162 34
162 33
163 33
164 33
164 32
165 32
165 32
166 32
167 32
168 32
168 31
169 31
169 31
170 31
171 31
171 30
172 30
172 30
173 30
174 30
175 30
175 29
176 29
176 29
177 29
178 29
178 28
179 28
179 28
180 28
181 28
181 28
182 28
182 28
183 28
183 28
184 28
184 28
185 28
186 28
186 28
187 28
187 28
188 28
188 28
189 28
189 28
190 28
190 28
191 28
191 28
191 29
192 29
192 29
192 30
193 30
193 30
193 31
194 31
194 31
194 32
194 32
194 32
194 33
194 34
195 34
195 34
195 35
195 36
195 36
195 36
195 37
195 38
195 39
195 39
195 39
195 40
195 41
195 42
194 42
194 42
194 43
194 44
194 45
194 45
194 45
194 46
194 47
194 48
193 48
193 48
193 49
193 50
193 51
192 51
192 51
192 52
192 53
192 54
192 55
191 55
191 55
191 56
190 56
190 57
190 58
189 58
189 58
189 59
189 60
188 60
188 61
188 62
187 62
187 62
187 63
187 64
186 64
186 65
186 66
185 66
185 66
185 67
185 68
184 68
184 69
184 70
183 70
183 70
183 71
183 72
182 72
182 73
182 74
181 74
181 74
181 75
180 75
180 76
179 76
179 77
179 78
178 78
178 78
178 79
177 79
177 80
177 81
176 81
176 82
176 83
175 83
175 83
175 84
174 84
174 85
173 85
173 86
173 87
172 87
172 87
172 88
172 89
171 89
171 90
171 91
170 91
170 91
170 92
169 92
169 93
168 93
168 94
167 94
167 95
166 95
166 95
166 96
165 96
165 97
164 97
164 98
163 98
163 98
163 99
162 99
162 100
161 100
161 101
161 102
160 102
160 102
160 103
159 103
159 104
158 104
158 105
158 106
157 106
157 106
157 107
156 107
156 108
155 108
155 109
154 109
154 109
154 110
153 110
153 111
152 111
152 111
152 112
151 112
151 113
150 113
150 114
149 114
149 114
148 114
148 115
147 115
147 116
146 116
146 116
145 116
145 117
144 117
144 118
143 118
143 119
142 119
142 119
142 120
141 120
141 121
140 121
140 122
139 122
139 122
138 122
138 123
137 123
137 124
136 124
136 125
135 125
135 125
134 125
134 126
133 126
133 127
132 127
132 128
131 128
131 128
130 128
130 129
129 129
128 129
128 130
127 130
127 131
126 131
126 131
125 131
125 132
124 132
124 133
123 133
123 134
122 134
122 134
121 134
121 135
120 135
119 135
119 136
118 136
118 136
117 136
117 137
116 137
116 138
115 138
115 139
114 139
114 139
113 139
113 140
112 140
111 140
111 141
110 141
110 141
109 141
109 142
108 142
107 142
107 143
106 143
106 143
105 143
105 144
104 144
103 144
103 145
102 145
102 145
101 145
101 146
100 146
99 146
99 147
98 147
98 147
97 147
96 147
95 147
95 148
94 148
94 148
93 148
92 148
92 149
91 149
91 149
90 149
89 149
88 149
88 150
87 150
87 150
86 150
85 150
85 151
84 151
84 151
83 151
82 151
82 151
81 151
81 151
80 151
80 151
79 151
79 151
78 151
77 151
77 151
76 151
76 151
75 151
75 151
74 151
74 151
73 151
73 151
72 151
72 151
72 150
71 150
-1 -1
list: -1
-1 -1
