pixel
list: 0
59 161
59 160
59 159
59 158
60 158
60 157
60 156
60 155
61 155
61 154
61 153
61 152
62 152
62 151
62 150
62 149
63 149
63 149
63 148
63 147
64 147
64 146
64 145
65 145
65 144
65 143
66 143
66 142
66 141
67 141
67 140
67 139
68 139
68 138
68 137
69 137
69 136
69 135
70 135
70 134
70 133
71 133
71 132
71 131
72 131
72 130
72 129
73 129
73 128
73 127
74 127
74 126
74 125
75 125
75 124
75 123
76 123
76 122
76 121
76 120
77 120
77 119
77 118
78 118
78 117
78 116
79 116
79 115
79 114
80 114
80 113
80 112
81 112
81 111
81 110
82 110
82 109
82 108
83 108
83 107
83 106
84 106
84 105
84 104
85 104
85 103
85 102
86 102
86 101
86 100
87 100
87 99
87 98
88 98
88 97
88 96
89 96
89 95
89 94
89 93
90 93
90 93
90 92
91 92
91 91
92 91
92 90
93 90
93 89
94 89
94 88
95 88
95 87
96 87
96 86
97 86
97 85
98 85
98 84
98 83
99 83
99 82
100 82
100 81
101 81
101 80
102 80
102 79
103 79
103 78
104 78
104 77
105 77
105 76
106 76
106 75
106 74
107 74
107 73
108 73
108 72
109 72
109 71
110 71
110 70
111 70
111 69
112 69
112 68
113 68
113 67
114 67
114 66
114 65
115 65
115 64
116 64
116 63
117 63
117 62
118 62
118 61
119 61
119 60
120 60
120 59
121 59
121 58
122 58
122 57
123 57
123 56
123 55
124 55
124 54
125 54
125 53
126 53
126 52
127 52
127 51
128 51
128 50
129 50
129 49
130 49
130 48
131 48
131 47
131 46
132 46
132 45
133 45
133 44
134 44
134 43
135 43
135 42
136 42
136 41
137 41
137 40
138 40
138 39
139 39
139 38
139 37
140 37
140 37
141 37
141 36
142 36
143 36
143 35
144 35
144 35
145 35
146 35
146 34
147 34
148 34
148 33
149 33
150 33
151 33
151 32
152 32
153 32
153 31
154 31
155 31
155 30
156 30
156 30
157 30
158 30
159 30
159 29
160 29
160 29
160 30
159 30
159 31
158 31
158 32
158 33
157 33
157 34
156 34
156 35
156 36
155 36
155 37
154 37
154 38
153 38
153 39
153 40
152 40
152 41
151 41
151 42
151 43
150 43
150 44
149 44
149 45
149 46
148 46
148 47
147 47
147 48
146 48
146 49
146 50
145 50
145 51
144 51
144 52
144 53
143 53
143 54
142 54
142 55
142 56
141 56
141 57
140 57
140 58
139 58
139 59
139 60
138 60
138 61
137 61
137 62
137 63
136 63
136 64
135 64
135 65
134 65
134 66
134 67
133 67
133 68
132 68
132 69
132 70
131 70
131 71
130 71
130 72
130 73
129 73
129 74
128 74
128 75
127 75
127 76
127 77
126 77
126 78
125 78
125 79
125 80
124 80
124 81
123 81
123 82
123 83
122 83
122 84
121 84
121 85
120 85
120 86
120 87
119 87
119 88
118 88
118 89
118 90
117 90
117 91
116 91
116 92
115 92
115 93
115 94
114 94
114 95
113 95
113 96
113 97
112 97
112 98
111 98
111 99
111 100
110 100
110 101
109 101
109 102
108 102
108 103
108 104
107 104
107 105
106 105
106 106
106 107
105 107
105 108
104 108
104 109
104 110
103 110
103 111
102 111
102 112
101 112
101 113
101 114
100 114
100 115
99 115
99 116
99 117
98 117
98 118
97 118
97 119
96 119
96 120
96 121
95 121
95 122
94 122
94 123
94 124
93 124
93 125
92 125
92 126
92 127
91 127
91 128
90 128
90 129
89 129
89 130
89 131
88 131
88 132
87 132
87 133
87 134
86 134
86 135
85 135
85 136
85 137
84 137
84 138
83 138
83 139
82 139
82 140
82 141
81 141
81 142
80 142
80 143
80 144
79 144
79 145
78 145
78 146
77 146
77 147
77 148
76 148
76 149
75 149
75 150
75 151
74 151
74 152
73 152
73 153
73 154
72 154
72 155
71 155
71 156
70 156
70 157
70 158
69 158
69 159
68 159
68 160
68 161
67 161
67 162
66 162
66 163
66 164
65 164
65 164
64 164
63 164
62 164
62 164
61 164
61 164
61 163
60 163
60 162
60 161
59 161
-1 -1
