pixel
list: 0
89 98
90 98
90 97
91 97
92 97
92 96
93 96
93 95
94 95
95 95
95 94
96 94
96 93
97 93
98 93
98 92
99 92
99 91
100 91
101 91
101 90
102 90
102 89
103 89
104 89
104 88
105 88
105 87
106 87
107 87
107 86
108 86
108 85
109 85
110 85
110 84
111 84
111 83
112 83
113 83
113 82
114 82
114 81
115 81
116 81
116 80
117 80
117 79
118 79
119 79
119 78
120 78
120 77
121 77
122 77
122 76
123 76
123 75
124 75
125 75
125 74
126 74
126 73
127 73
128 73
128 72
129 72
129 71
130 71
131 71
131 70
132 70
132 69
133 69
134 69
134 68
135 68
135 67
136 67
137 67
137 66
138 66
138 65
139 65
140 65
140 64
141 64
141 63
142 63
143 63
143 62
144 62
144 61
145 61
146 61
146 60
147 60
147 59
148 59
149 59
149 58
150 58
151 58
151 57
152 57
152 56
153 56
154 56
154 55
155 55
155 54
156 54
157 54
157 53
158 53
158 52
159 52
160 52
160 51
161 51
161 50
162 50
163 50
163 49
164 49
164 48
165 48
166 48
166 47
167 47
167 46
168 46
169 46
169 45
170 45
170 44
171 44
172 44
172 43
173 43
173 42
174 42
175 42
175 41
176 41
176 40
177 40
178 40
178 39
179 39
179 38
180 38
181 38
181 37
182 37
182 36
183 36
184 36
184 35
185 35
185 34
186 34
187 34
187 33
188 33
188 32
189 32
190 32
190 31
191 31
191 30
192 30
193 30
193 29
194 29
194 28
195 28
196 28
196 27
197 27
197 26
198 26
199 26
199 25
200 25
200 24
201 24
202 24
202 23
203 23
203 22
204 22
205 22
205 21
206 21
206 20
207 20
208 20
208 19
209 19
209 18
210 18
210 18
211 18
211 19
212 19
213 19
213 20
214 20
214 21
215 21
216 21
216 22
217 22
217 23
218 23
219 23
219 24
220 24
220 25
221 25
222 25
222 26
223 26
223 27
224 27
225 27
225 28
226 28
226 29
227 29
228 29
228 30
229 30
229 31
230 31
231 31
231 32
232 32
232 33
233 33
234 33
234 34
235 34
235 35
236 35
237 35
237 36
238 36
238 37
239 37
240 37
240 38
241 38
241 39
242 39
243 39
243 40
244 40
244 41
245 41
246 41
246 42
247 42
247 43
248 43
249 43
249 44
250 44
251 44
251 45
252 45
252 46
253 46
254 46
254 47
255 47
255 48
256 48
257 48
257 49
258 49
258 50
259 50
260 50
260 51
261 51
261 52
262 52
263 52
263 53
264 53
264 54
265 54
266 54
266 55
267 55
267 56
268 56
269 56
269 57
270 57
270 58
271 58
272 58
272 59
273 59
273 60
274 60
275 60
275 61
276 61
276 62
277 62
278 62
278 63
279 63
279 64
280 64
281 64
281 65
282 65
282 66
283 66
284 66
284 67
285 67
285 68
286 68
287 68
287 69
288 69
289 69
289 70
290 70
290 71
291 71
292 71
292 72
293 72
293 73
294 73
295 73
295 74
296 74
296 75
297 75
298 75
298 76
299 76
299 77
300 77
301 77
301 78
302 78
302 79
303 79
304 79
304 80
305 80
305 81
306 81
307 81
307 82
308 82
308 83
309 83
310 83
310 84
311 84
311 85
312 85
313 85
313 86
314 86
314 87
315 87
316 87
316 88
317 88
317 89
318 89
319 89
319 90
320 90
320 91
321 91
322 91
322 92
323 92
323 93
324 93
324 93
323 93
322 93
321 93
320 93
319 93
318 93
317 93
316 93
315 93
314 93
313 93
312 93
311 93
310 93
309 93
308 93
307 93
306 93
305 93
304 93
303 93
302 93
301 93
300 93
299 93
298 93
297 93
296 93
295 93
294 93
293 93
292 93
291 93
290 93
289 93
288 93
287 93
286 93
285 93
284 93
283 93
282 93
281 93
280 93
279 93
278 93
278 94
277 94
276 94
275 94
274 94
273 94
272 94
271 94
270 94
269 94
268 94
267 94
266 94
265 94
264 94
263 94
262 94
261 94
260 94
259 94
258 94
257 94
256 94
255 94
254 94
253 94
252 94
251 94
250 94
249 94
248 94
247 94
246 94
245 94
244 94
243 94
242 94
241 94
240 94
239 94
238 94
237 94
236 94
235 94
234 94
233 94
232 94
231 94
231 95
230 95
229 95
228 95
227 95
226 95
225 95
224 95
223 95
222 95
221 95
220 95
219 95
218 95
217 95
216 95
215 95
214 95
213 95
212 95
211 95
210 95
209 95
208 95
207 95
206 95
205 95
204 95
203 95
202 95
201 95
200 95
199 95
198 95
197 95
196 95
195 95
194 95
193 95
192 95
191 95
190 95
189 95
188 95
187 95
186 95
185 95
184 95
184 96
183 96
182 96
181 96
180 96
179 96
178 96
177 96
176 96
175 96
174 96
173 96
172 96
171 96
170 96
169 96
168 96
167 96
166 96
165 96
164 96
163 96
162 96
161 96
160 96
159 96
158 96
157 96
156 96
155 96
154 96
153 96
152 96
151 96
150 96
149 96
148 96
147 96
146 96
145 96
144 96
143 96
142 96
141 96
140 96
139 96
138 96
137 96
137 97
136 97
135 97
134 97
133 97
132 97
131 97
130 97
129 97
128 97
127 97
126 97
125 97
124 97
123 97
122 97
121 97
120 97
119 97
118 97
117 97
116 97
115 97
114 97
113 97
112 97
111 97
110 97
109 97
108 97
107 97
106 97
105 97
104 97
103 97
102 97
101 97
100 97
99 97
98 97
97 97
96 97
95 97
94 97
93 97
92 97
91 97
90 97
90 98
89 98
-1 -1
