pixel
list: 0
122 64
123 64
123 63
124 63
124 62
125 62
125 61
126 61
127 61
127 60
128 60
128 59
129 59
129 58
130 58
131 58
131 57
132 57
132 56
133 56
133 55
134 55
134 55
135 55
135 54
136 54
137 54
137 53
138 53
138 52
139 52
140 52
140 51
141 51
141 50
142 50
142 50
143 50
143 49
144 49
145 49
145 48
146 48
146 48
147 48
148 48
148 47
149 47
150 47
150 46
151 46
152 46
153 46
153 45
154 45
155 45
155 44
156 44
157 44
157 43
158 43
159 43
160 43
160 42
161 42
162 42
162 41
163 41
164 41
165 41
165 40
166 40
167 40
167 39
168 39
169 39
169 38
170 38
170 38
171 38
172 38
173 38
173 37
174 37
174 37
175 37
176 37
177 37
178 37
178 36
179 36
180 36
181 36
182 36
183 36
183 35
184 35
185 35
186 35
187 35
188 35
188 34
189 34
190 34
191 34
192 34
193 34
193 33
194 33
194 33
195 33
196 33
197 33
198 33
199 33
200 33
201 33
202 33
203 33
204 33
205 33
206 33
207 33
208 33
209 33
210 33
211 33
212 33
213 33
214 33
215 33
216 33
217 33
218 33
219 33
220 33
221 33
222 33
222 33
223 33
223 33
224 33
225 33
226 33
227 33
228 33
229 33
230 33
230 34
231 34
231 34
232 34
233 34
234 34
235 34
235 35
236 35
237 35
238 35
239 35
240 35
240 36
241 36
242 36
243 36
244 36
245 36
245 37
246 37
247 37
248 37
249 37
250 37
250 38
251 38
252 38
253 38
254 38
254 39
255 39
255 39
256 39
257 39
257 40
258 40
259 40
260 40
260 41
261 41
262 41
263 41
263 42
264 42
265 42
266 42
266 43
267 43
267 43
268 43
268 44
269 44
270 44
270 45
271 45
272 45
272 46
273 46
274 46
274 47
275 47
276 47
276 48
277 48
278 48
278 49
279 49
280 49
280 50
281 50
282 50
282 51
283 51
284 51
284 52
285 52
286 52
286 53
287 53
288 53
288 54
289 54
290 54
290 55
291 55
291 55
291 56
291 57
291 58
291 59
291 60
291 61
291 62
291 63
291 64
291 65
291 66
291 67
291 68
291 69
291 70
291 71
291 72
291 73
291 74
291 75
291 76
291 77
291 78
291 79
291 80
291 81
291 82
291 83
291 84
291 85
291 86
291 87
291 88
291 89
291 90
291 91
291 92
291 93
291 94
291 95
291 96
291 97
291 98
291 99
291 99
291 99
290 99
289 99
288 99
287 99
286 99
285 99
284 99
283 99
282 99
281 99
280 99
279 99
278 99
277 99
276 99
275 99
274 99
273 99
272 99
271 99
270 99
269 99
268 99
267 99
266 99
265 99
264 99
263 99
262 99
261 99
260 99
259 99
258 99
257 99
256 99
255 99
254 99
253 99
252 99
251 99
250 99
249 99
248 99
247 99
246 99
245 99
244 99
243 99
242 99
241 99
240 99
239 99
238 99
237 99
236 99
235 99
234 99
233 99
232 99
231 99
230 99
229 99
228 99
227 99
226 99
225 99
224 99
223 99
222 99
221 99
220 99
219 99
218 99
217 99
216 99
215 99
214 99
213 99
212 99
211 99
210 99
209 99
208 99
207 99
206 99
205 99
204 99
203 99
202 99
201 99
200 99
199 99
198 99
197 99
196 99
195 99
194 99
193 99
192 99
191 99
190 99
189 99
188 99
187 99
186 99
185 99
184 99
183 99
182 99
181 99
180 99
179 99
178 99
177 99
176 99
175 99
174 99
173 99
172 99
171 99
170 99
169 99
168 99
167 99
166 99
165 99
164 99
163 99
162 99
161 99
160 99
159 99
158 99
157 99
156 99
155 99
154 99
153 99
152 99
151 99
150 99
149 99
148 99
147 99
146 99
145 99
144 99
143 99
142 99
141 99
140 99
139 99
138 99
137 99
136 99
135 99
134 99
133 99
132 99
131 99
130 99
129 99
128 99
127 99
126 99
125 99
124 99
123 99
123 98
122 98
122 98
122 97
122 96
122 95
122 94
122 93
122 92
122 91
122 90
122 89
122 88
122 87
122 86
122 85
122 84
122 83
122 82
122 81
122 80
122 79
122 78
122 77
122 76
122 75
122 74
122 73
122 72
122 71
122 70
122 69
122 68
122 67
122 66
122 65
122 64
122 64
-1 -1
