pixel
list: 0
290 97
289 97
288 97
287 97
286 97
285 97
284 97
283 97
282 97
281 97
280 97
279 97
278 97
277 97
276 97
275 97
274 97
273 97
272 97
271 97
270 97
269 97
268 97
267 97
266 97
265 97
264 97
263 97
262 97
261 97
260 97
259 97
258 97
258 98
257 98
256 98
255 98
254 98
253 98
252 98
251 98
250 98
249 98
248 98
247 98
246 98
245 98
244 98
243 98
242 98
241 98
240 98
239 98
238 98
237 98
236 98
235 98
234 98
233 98
232 98
231 98
230 98
229 98
228 98
227 98
226 98
226 99
225 99
224 99
223 99
222 99
221 99
220 99
219 99
218 99
217 99
216 99
215 99
214 99
213 99
212 99
211 99
210 99
209 99
208 99
207 99
206 99
205 99
204 99
203 99
202 99
201 99
200 99
199 99
198 99
197 99
196 99
195 99
194 99
193 99
193 100
192 100
191 100
190 100
189 100
188 100
187 100
186 100
185 100
184 100
183 100
182 100
181 100
180 100
179 100
178 100
177 100
176 100
175 100
174 100
173 100
172 100
171 100
170 100
169 100
168 100
167 100
166 100
165 100
164 100
163 100
162 100
161 100
161 101
160 101
159 101
158 101
157 101
156 101
155 101
154 101
153 101
152 101
151 101
150 101
149 101
148 101
147 101
146 101
145 101
144 101
143 101
142 101
141 101
140 101
139 101
138 101
137 101
136 101
135 101
134 101
133 101
132 101
131 101
130 101
129 101
129 102
128 102
128 102
128 101
128 100
128 99
128 98
128 97
128 96
128 95
128 94
128 93
128 92
128 91
128 90
128 89
128 88
128 87
128 86
128 85
128 84
128 83
128 82
128 81
128 80
128 79
128 78
128 77
128 76
128 75
128 74
128 73
128 72
127 72
127 71
127 70
127 69
127 68
127 67
127 66
127 65
127 64
127 63
127 62
127 61
127 60
127 59
127 58
127 57
127 56
127 55
127 54
127 53
127 52
127 51
127 50
127 49
127 48
127 47
127 46
127 45
127 44
127 43
127 42
126 42
126 42
127 42
128 42
129 42
130 42
131 42
132 42
133 42
134 42
135 42
136 42
137 42
138 42
139 42
140 42
141 42
142 42
143 42
144 42
145 42
146 42
147 42
148 42
149 42
150 42
151 42
152 42
153 42
154 42
155 42
156 42
157 42
158 42
158 41
159 41
160 41
161 41
162 41
163 41
164 41
165 41
166 41
167 41
168 41
169 41
170 41
171 41
172 41
173 41
174 41
175 41
176 41
177 41
178 41
179 41
180 41
181 41
182 41
183 41
184 41
185 41
186 41
187 41
188 41
189 41
190 41
190 40
191 40
192 40
193 40
194 40
195 40
196 40
197 40
198 40
199 40
200 40
201 40
202 40
203 40
204 40
205 40
206 40
207 40
208 40
209 40
210 40
211 40
212 40
213 40
214 40
215 40
216 40
217 40
218 40
219 40
220 40
221 40
222 40
223 40
223 39
224 39
225 39
226 39
227 39
228 39
229 39
230 39
231 39
232 39
233 39
234 39
235 39
236 39
237 39
238 39
239 39
240 39
241 39
242 39
243 39
244 39
245 39
246 39
247 39
248 39
249 39
250 39
251 39
252 39
253 39
254 39
255 39
255 38
256 38
257 38
258 38
259 38
260 38
261 38
262 38
263 38
264 38
265 38
266 38
267 38
268 38
269 38
270 38
271 38
272 38
273 38
274 38
275 38
276 38
277 38
278 38
279 38
280 38
281 38
282 38
283 38
284 38
285 38
286 38
287 38
287 37
288 37
288 37
288 38
288 39
288 40
288 41
288 42
288 43
288 44
288 45
288 46
288 47
288 48
288 49
288 50
288 51
288 52
288 53
288 54
288 55
288 56
288 57
288 58
288 59
288 60
288 61
288 62
288 63
288 64
288 65
288 66
288 67
289 67
289 68
289 69
289 70
289 71
289 72
289 73
289 74
289 75
289 76
289 77
289 78
289 79
289 80
289 81
289 82
289 83
289 84
289 85
289 86
289 87
289 88
289 89
289 90
289 91
289 92
289 93
289 94
289 95
289 96
289 97
290 97
-1 -1
