pixel
list: 78
121 78
121 78
121 78
121 77
121 76
121 75
121 74
121 73
121 72
121 71
121 70
121 69
121 68
121 67
121 66
121 65
121 64
121 63
121 62
121 61
121 60
121 59
121 58
121 57
121 56
121 55
121 54
121 53
121 52
121 51
121 50
121 49
121 48
121 47
121 47
121 47
121 46
121 45
121 45
121 45
121 44
121 44
121 44
121 44
121 44
121 44
121 43
121 43
121 43
121 43
121 43
121 43
121 42
121 42
121 42
121 42
122 42
122 42
122 41
122 41
122 41
122 41
122 41
122 41
122 41
123 41
123 41
123 41
123 41
123 41
123 41
124 41
124 41
124 40
124 40
124 40
124 40
125 40
125 40
125 40
126 40
126 40
126 40
127 40
127 40
127 40
127 40
127 40
128 40
128 40
129 40
129 40
129 40
130 40
130 40
131 40
131 40
132 40
132 40
133 40
133 39
134 39
134 39
135 39
135 39
136 39
136 39
137 39
138 39
139 39
140 39
140 39
141 39
141 39
142 39
143 39
144 39
145 39
146 39
147 39
148 39
149 39
150 39
151 39
152 39
153 39
154 39
155 39
156 39
157 39
158 39
159 39
160 39
161 39
162 39
163 39
164 39
165 39
166 39
167 39
168 39
169 39
170 39
171 39
172 39
173 39
174 39
175 39
176 39
177 39
178 39
179 39
180 39
181 39
182 39
183 39
183 39
184 39
184 39
185 39
186 39
187 39
188 39
189 39
190 39
191 39
192 39
193 39
194 39
195 39
196 39
197 39
198 39
199 39
200 39
201 39
202 39
203 39
204 39
205 39
206 39
207 39
208 39
209 39
210 39
211 39
212 39
213 39
214 39
215 39
216 39
217 39
218 39
219 39
220 39
221 39
222 39
223 39
224 39
225 39
226 39
226 38
227 38
228 38
229 38
230 38
231 38
232 38
233 38
234 38
235 38
236 38
237 38
238 38
239 38
240 38
241 38
242 38
243 38
244 38
245 38
246 38
247 38
248 38
249 38
250 38
251 38
252 38
253 38
254 38
255 38
256 38
257 38
258 38
259 38
260 38
261 38
262 38
263 38
264 38
265 38
266 38
267 38
268 38
268 37
269 37
269 37
270 37
271 37
272 37
272 37
273 37
273 37
274 37
275 37
275 37
276 37
276 37
277 37
277 37
278 37
278 37
279 37
279 37
280 37
280 37
280 37
281 37
281 37
281 37
282 37
282 37
282 37
283 37
283 37
283 37
284 37
284 37
284 37
285 37
285 37
285 37
286 37
286 37
286 38
286 38
286 38
286 38
287 38
287 38
287 38
287 38
287 38
287 38
288 38
288 38
288 38
288 38
288 38
288 39
288 39
288 39
288 39
289 39
289 39
289 39
289 39
289 39
289 40
289 40
289 40
289 41
289 41
289 41
289 41
289 41
289 41
289 42
289 42
289 42
289 43
289 44
289 44
289 44
289 45
289 46
289 47
289 48
289 49
289 50
289 51
289 52
289 53
289 54
289 55
289 56
289 57
289 58
289 59
289 60
290 60
290 60
290 61
290 62
290 63
290 64
290 65
290 66
290 67
290 68
290 69
290 70
290 71
290 72
290 73
290 74
290 75
290 76
290 77
290 78
290 79
290 80
290 81
290 82
290 83
290 84
290 85
290 86
290 87
290 88
290 89
290 90
290 90
290 90
290 91
290 92
290 92
290 92
290 93
290 93
290 93
290 93
290 93
290 93
290 94
290 94
290 94
290 94
290 94
290 94
290 95
290 95
290 95
290 95
289 95
289 95
289 96
289 96
289 96
289 96
289 96
289 96
289 96
288 96
288 96
288 96
288 96
288 96
288 96
287 96
287 96
287 97
287 97
287 97
287 97
286 97
286 97
286 97
285 97
285 97
285 97
284 97
284 97
284 97
284 97
284 97
283 97
283 97
282 97
282 97
282 97
281 97
281 97
280 97
280 97
279 97
279 97
278 97
278 98
277 98
277 98
276 98
276 98
275 98
275 98
274 98
273 98
272 98
271 98
271 98
270 98
270 98
269 98
268 98
267 98
266 98
265 98
264 98
263 98
262 98
261 98
260 98
259 98
258 98
257 98
256 98
255 98
254 98
253 98
252 98
251 98
250 98
249 98
248 98
247 98
246 98
245 98
244 98
243 98
242 98
241 98
240 98
239 98
238 98
237 98
236 98
235 98
234 98
233 98
232 98
231 98
230 98
229 98
228 98
227 98
226 98
225 98
224 98
223 98
222 98
221 98
220 98
219 98
218 98
217 98
216 98
215 98
214 98
213 98
212 98
211 98
210 98
209 98
208 98
207 98
206 98
205 98
204 98
203 98
202 98
201 98
200 98
199 98
198 98
197 98
196 98
195 98
194 98
193 98
192 98
191 98
190 98
189 98
188 98
188 99
187 99
187 99
186 99
185 99
184 99
183 99
182 99
181 99
180 99
179 99
178 99
177 99
176 99
175 99
174 99
173 99
172 99
171 99
170 99
169 99
168 99
167 99
166 99
165 99
164 99
163 99
162 99
161 99
160 99
159 99
158 99
157 99
156 99
155 99
154 99
153 99
152 99
151 99
150 99
149 99
148 99
147 99
146 99
145 99
144 99
143 99
143 100
142 100
142 100
141 100
140 100
139 100
139 100
138 100
138 100
137 100
136 100
136 100
135 100
135 100
134 100
134 100
133 100
133 100
132 100
132 100
131 100
131 100
131 100
130 100
130 100
130 100
129 100
129 100
129 100
128 100
128 100
128 100
127 100
127 100
127 100
126 100
126 100
126 100
125 100
125 100
125 99
125 99
125 99
125 99
124 99
124 99
124 99
124 99
124 99
124 99
123 99
123 99
123 99
123 99
123 99
123 98
123 98
123 98
123 98
122 98
122 98
122 98
122 98
122 98
122 97
122 97
122 97
122 96
122 96
122 96
122 96
122 96
122 96
122 95
122 95
122 95
122 94
122 93
122 93
-1 -1
list: -1
-1 -1
