pixel
list: 0
386 139
386 140
386 141
385 141
385 142
385 143
384 143
384 144
384 145
383 145
383 146
383 147
382 147
382 148
382 149
381 149
381 150
381 151
381 152
380 152
380 153
380 154
379 154
379 155
379 156
378 156
378 157
378 158
377 158
377 159
377 160
376 160
376 161
376 162
376 163
375 163
375 164
375 165
374 165
374 166
374 167
373 167
373 168
373 169
372 169
372 170
372 171
371 171
371 172
371 173
371 174
370 174
370 175
370 176
369 176
369 177
369 178
368 178
368 179
368 180
367 180
367 181
367 182
366 182
366 183
366 184
366 185
365 185
365 186
365 187
364 187
364 188
364 189
363 189
363 190
363 191
362 191
362 192
362 193
361 193
361 194
361 195
361 196
360 196
360 197
360 198
359 198
359 199
359 200
358 200
358 201
358 202
357 202
357 203
357 204
356 204
356 205
356 206
356 207
355 207
355 208
355 209
354 209
354 210
354 211
353 211
353 212
353 213
352 213
352 214
352 215
351 215
351 216
351 217
351 218
350 218
350 218
349 218
348 218
348 217
347 217
346 217
346 216
345 216
344 216
344 215
343 215
342 215
341 215
341 214
340 214
339 214
339 213
338 213
337 213
337 212
336 212
335 212
335 211
334 211
333 211
332 211
332 210
331 210
330 210
330 209
329 209
328 209
328 208
327 208
326 208
325 208
325 207
324 207
323 207
323 206
322 206
321 206
321 205
320 205
319 205
319 204
318 204
317 204
316 204
316 203
315 203
314 203
314 202
313 202
312 202
312 201
311 201
310 201
309 201
309 200
308 200
307 200
307 199
306 199
305 199
305 198
304 198
303 198
303 197
302 197
301 197
300 197
300 196
299 196
298 196
298 195
297 195
296 195
296 194
295 194
294 194
293 194
293 193
292 193
291 193
291 192
290 192
289 192
289 191
288 191
287 191
287 190
286 190
285 190
284 190
284 189
283 189
282 189
282 188
281 188
280 188
280 187
279 187
278 187
277 187
277 186
276 186
275 186
275 185
274 185
273 185
273 184
272 184
271 184
271 183
270 183
269 183
268 183
268 182
267 182
266 182
266 181
265 181
264 181
264 180
263 180
262 180
261 180
261 179
260 179
259 179
259 178
258 178
257 178
257 177
256 177
255 177
255 176
254 176
253 176
252 176
252 175
251 175
250 175
250 174
249 174
248 174
248 173
247 173
246 173
245 173
245 172
244 172
243 172
243 171
242 171
241 171
241 170
240 170
239 170
239 169
238 169
237 169
236 169
236 168
235 168
234 168
234 167
233 167
232 167
232 166
231 166
230 166
230 165
229 165
229 165
229 164
229 163
230 163
230 162
230 161
231 161
231 160
231 159
232 159
232 158
232 157
233 157
233 156
233 155
233 154
234 154
234 153
234 152
235 152
235 151
235 150
236 150
236 149
236 148
237 148
237 147
237 146
237 145
238 145
238 144
238 143
239 143
239 142
239 141
240 141
240 140
240 139
241 139
241 138
241 137
242 137
242 136
242 135
242 134
243 134
243 133
243 132
244 132
244 131
244 130
245 130
245 129
245 128
246 128
246 127
246 126
246 125
247 125
247 124
247 123
248 123
248 122
248 121
249 121
249 120
249 119
250 119
250 118
250 117
251 117
251 116
251 115
251 114
252 114
252 113
252 112
253 112
253 111
253 110
254 110
254 109
254 108
255 108
255 107
255 106
255 105
256 105
256 104
256 103
257 103
257 102
257 101
258 101
258 100
258 99
259 99
259 98
259 97
260 97
260 96
260 95
260 94
261 94
261 93
261 92
262 92
262 91
262 90
263 90
263 89
263 88
264 88
264 87
264 86
264 85
265 85
265 85
266 85
267 85
267 86
268 86
269 86
269 87
270 87
271 87
271 88
272 88
273 88
273 89
274 89
275 89
276 89
276 90
277 90
278 90
278 91
279 91
280 91
280 92
281 92
282 92
282 93
283 93
284 93
285 93
285 94
286 94
287 94
287 95
288 95
289 95
289 96
290 96
291 96
291 97
292 97
293 97
294 97
294 98
295 98
296 98
296 99
297 99
298 99
298 100
299 100
300 100
300 101
301 101
302 101
303 101
303 102
304 102
305 102
305 103
306 103
307 103
307 104
308 104
309 104
309 105
310 105
311 105
312 105
312 106
313 106
314 106
314 107
315 107
316 107
316 108
317 108
318 108
318 109
319 109
320 109
321 109
321 110
322 110
323 110
323 111
324 111
325 111
325 112
326 112
327 112
327 113
328 113
329 113
329 114
330 114
331 114
332 114
332 115
333 115
334 115
334 116
335 116
336 116
336 117
337 117
338 117
338 118
339 118
340 118
341 118
341 119
342 119
343 119
343 120
344 120
345 120
345 121
346 121
347 121
347 122
348 122
349 122
350 122
350 123
351 123
352 123
352 124
353 124
354 124
354 125
355 125
356 125
356 126
357 126
358 126
359 126
359 127
360 127
361 127
361 128
362 128
363 128
363 129
364 129
365 129
365 130
366 130
367 130
368 130
368 131
369 131
370 131
370 132
371 132
372 132
372 133
373 133
374 133
374 134
375 134
376 134
377 134
377 135
378 135
379 135
379 136
380 136
381 136
381 137
382 137
383 137
383 138
384 138
385 138
385 139
386 139
-1 -1
