pixel
list: 0
236 160
236 159
236 158
236 157
236 156
236 155
236 154
236 153
236 152
236 151
236 150
236 149
237 149
237 148
237 147
237 146
237 145
237 144
237 143
237 142
237 141
237 140
237 139
237 138
238 138
238 137
238 136
238 135
238 134
238 133
238 132
238 131
238 130
238 129
238 128
238 127
239 127
239 126
239 125
239 124
239 123
239 122
239 121
239 120
239 119
239 118
239 117
239 116
240 116
240 115
240 114
240 113
240 112
240 111
240 110
240 109
240 108
240 107
240 106
240 105
240 104
241 104
241 104
241 103
242 103
242 102
242 101
243 101
243 101
244 101
245 101
246 101
247 101
248 101
249 101
250 101
250 101
251 101
251 101
252 101
253 101
254 101
255 101
256 101
257 101
258 101
259 101
259 102
260 102
261 102
262 102
263 102
264 102
265 102
266 102
267 102
268 102
268 103
269 103
270 103
271 103
272 103
273 103
274 103
275 103
276 103
277 103
277 104
278 104
279 104
280 104
281 104
282 104
283 104
284 104
285 104
286 104
286 105
287 105
288 105
289 105
290 105
291 105
292 105
293 105
294 105
294 106
295 106
295 106
296 106
297 106
298 106
298 107
299 107
300 107
301 107
302 107
302 108
303 108
304 108
305 108
306 108
306 109
307 109
308 109
309 109
310 109
310 110
311 110
311 110
312 110
313 110
314 110
314 111
315 111
316 111
317 111
318 111
318 112
319 112
320 112
321 112
321 113
322 113
323 113
324 113
325 113
325 114
326 114
327 114
328 114
329 114
329 115
330 115
331 115
332 115
332 116
333 116
334 116
335 116
336 116
336 117
337 117
338 117
339 117
339 118
340 118
341 118
342 118
343 118
343 119
344 119
345 119
346 119
347 119
347 120
348 120
349 120
350 120
350 121
351 121
352 121
353 121
354 121
354 122
355 122
356 122
357 122
357 123
358 123
358 123
358 124
358 125
359 125
359 126
359 127
359 128
360 128
360 129
360 130
361 130
361 131
361 132
361 133
362 133
362 134
362 135
363 135
363 136
363 137
363 138
364 138
364 139
364 140
365 140
365 141
365 142
365 143
366 143
366 144
366 145
367 145
367 146
367 147
367 148
368 148
368 149
368 150
368 151
369 151
369 151
369 152
369 153
370 153
370 154
370 155
370 156
371 156
371 157
371 158
371 159
372 159
372 159
372 160
372 161
372 162
373 162
373 163
373 164
373 165
374 165
374 166
374 167
374 168
375 168
375 169
375 170
375 171
376 171
376 172
376 173
376 174
376 175
377 175
377 175
377 176
377 177
377 178
377 179
378 179
378 180
378 181
378 182
378 183
379 183
379 184
379 185
379 186
379 187
380 187
380 188
380 189
380 190
380 191
381 191
381 191
380 191
379 191
379 192
378 192
377 192
376 192
376 193
375 193
374 193
373 193
373 194
372 194
371 194
370 194
370 195
369 195
368 195
367 195
367 196
366 196
365 196
365 197
364 197
363 197
362 197
362 198
361 198
360 198
359 198
359 199
358 199
357 199
356 199
356 200
355 200
354 200
353 200
353 201
352 201
351 201
351 202
350 202
349 202
348 202
348 203
347 203
346 203
345 203
345 204
344 204
343 204
342 204
342 205
341 205
340 205
339 205
339 206
338 206
337 206
336 206
336 207
335 207
334 207
334 208
333 208
332 208
331 208
331 209
330 209
329 209
328 209
328 210
327 210
326 210
325 210
325 211
324 211
323 211
322 211
322 212
321 212
320 212
320 213
319 213
319 213
318 213
317 213
316 213
316 214
315 214
315 214
314 214
314 213
313 213
313 212
312 212
311 212
311 211
310 211
310 210
309 210
308 210
308 209
307 209
307 208
306 208
305 208
305 207
304 207
304 206
303 206
302 206
302 205
301 205
301 204
300 204
299 204
299 203
298 203
298 202
297 202
296 202
296 201
295 201
295 200
294 200
294 199
293 199
292 199
292 198
291 198
291 197
290 197
289 197
289 196
288 196
288 195
287 195
286 195
286 194
285 194
285 193
284 193
283 193
283 192
282 192
282 191
281 191
280 191
280 190
279 190
279 189
278 189
277 189
277 188
276 188
276 187
275 187
275 186
274 186
273 186
273 185
272 185
272 184
271 184
270 184
270 183
269 183
269 182
268 182
267 182
267 181
266 181
266 180
265 180
264 180
264 179
263 179
263 178
262 178
261 178
261 177
260 177
260 176
259 176
258 176
258 175
257 175
257 174
256 174
256 173
255 173
254 173
254 172
253 172
253 171
252 171
251 171
251 170
250 170
250 169
249 169
248 169
248 168
247 168
247 167
246 167
245 167
245 166
244 166
244 165
243 165
242 165
242 164
241 164
241 163
240 163
239 163
239 162
238 162
238 161
237 161
237 160
236 160
-1 -1
