pixel
list: 170
248 170
248 170
248 170
248 169
247 169
247 168
247 167
246 167
246 166
246 165
245 165
245 165
245 164
245 163
245 162
244 162
244 161
244 160
244 159
243 159
243 159
243 158
243 157
243 156
242 156
242 155
242 154
242 153
241 153
241 153
241 152
240 152
240 151
240 150
239 150
239 149
239 148
238 148
238 148
238 147
238 146
238 145
238 144
238 143
237 143
237 143
237 142
237 141
236 141
236 140
236 139
236 138
235 138
235 138
235 137
235 136
235 135
235 134
235 133
234 133
234 133
234 132
234 131
234 130
234 129
233 129
233 129
233 128
233 127
233 126
233 125
232 125
232 125
232 124
232 123
232 122
232 121
231 121
231 121
231 120
231 119
231 118
231 118
231 118
231 117
231 116
231 116
231 116
231 115
231 115
231 115
231 114
231 114
231 114
231 114
232 114
232 114
232 113
233 113
233 112
234 112
234 112
235 112
235 111
236 111
236 111
237 111
237 110
238 110
239 110
239 109
240 109
240 109
241 109
242 109
242 108
243 108
243 108
244 108
244 107
245 107
246 107
246 106
247 106
247 106
248 106
249 106
249 105
250 105
251 105
251 104
252 104
252 104
253 104
254 104
254 103
255 103
256 103
256 102
257 102
257 102
258 102
259 102
260 102
261 102
261 101
262 101
262 101
263 101
264 101
264 100
265 100
266 100
267 100
267 99
268 99
268 99
269 99
270 99
271 99
272 99
273 99
273 98
274 98
274 98
275 98
276 98
276 97
277 97
278 97
279 97
279 96
280 96
280 96
281 96
282 96
283 96
284 96
285 96
285 95
286 95
286 95
287 95
288 95
289 95
290 95
291 95
291 94
292 94
292 94
293 94
294 94
295 94
296 94
297 94
297 93
298 93
298 93
299 93
300 93
301 93
302 93
302 92
303 92
303 92
304 92
305 92
306 92
307 92
308 92
308 91
309 91
309 91
310 91
311 91
312 91
313 91
313 91
314 91
314 91
315 91
316 91
317 91
318 91
318 91
319 91
319 91
320 91
321 91
322 91
322 91
323 91
323 91
324 91
325 91
326 91
326 91
327 91
327 91
328 91
329 91
329 91
330 91
330 91
331 91
332 91
332 91
333 91
333 91
333 92
334 92
334 92
334 92
335 92
335 92
335 93
336 93
336 93
336 94
337 94
337 95
338 95
338 95
338 96
339 96
339 97
340 97
340 97
340 98
341 98
341 99
341 100
342 100
342 100
342 101
343 101
343 102
344 102
344 103
344 104
345 104
345 104
345 105
345 106
346 106
346 107
346 108
347 108
347 108
347 109
348 109
348 110
349 110
349 111
349 112
350 112
350 112
350 113
351 113
351 114
351 115
352 115
352 116
352 117
353 117
353 117
353 118
354 118
354 119
354 120
355 120
355 121
355 122
356 122
356 122
356 123
356 124
357 124
357 125
357 126
357 127
358 127
358 127
358 128
358 129
359 129
359 130
359 131
360 131
360 132
360 133
361 133
361 133
361 134
362 134
362 135
362 136
363 136
363 137
363 138
364 138
364 138
364 139
364 140
364 141
365 141
365 142
365 143
365 144
366 144
366 144
366 145
366 146
366 147
367 147
367 148
367 149
367 150
368 150
368 150
368 151
369 151
369 152
369 153
370 153
370 154
370 155
371 155
371 155
371 156
371 157
371 158
371 159
371 160
372 160
372 160
372 161
372 162
373 162
373 163
373 164
373 165
374 165
374 165
374 166
374 167
374 168
374 169
374 170
375 170
375 170
375 171
375 172
375 173
375 174
376 174
376 174
376 175
376 176
376 177
376 178
377 178
377 178
377 179
377 180
377 181
377 182
378 182
378 182
378 183
378 184
378 185
378 185
378 185
378 186
378 187
378 187
378 187
378 188
378 188
378 188
378 189
378 189
378 189
378 189
377 189
377 189
377 190
376 190
376 191
375 191
375 191
374 191
374 192
373 192
373 192
372 192
372 193
371 193
370 193
370 194
369 194
369 194
368 194
367 194
367 195
366 195
366 195
365 195
365 196
364 196
363 196
363 197
362 197
362 197
361 197
360 197
360 198
359 198
358 198
358 199
357 199
357 199
356 199
355 199
355 200
354 200
353 200
353 201
352 201
352 201
351 201
350 201
349 201
348 201
348 202
347 202
347 202
346 202
345 202
345 203
344 203
343 203
342 203
342 204
341 204
341 204
340 204
339 204
338 204
337 204
336 204
336 205
335 205
335 205
334 205
333 205
333 206
332 206
331 206
330 206
330 207
329 207
329 207
328 207
327 207
326 207
325 207
324 207
324 208
323 208
323 208
322 208
321 208
320 208
319 208
318 208
318 209
317 209
317 209
316 209
315 209
314 209
313 209
312 209
312 210
311 210
311 210
310 210
309 210
308 210
307 210
307 211
306 211
306 211
305 211
304 211
303 211
302 211
301 211
301 212
300 212
300 212
299 212
298 212
297 212
296 212
296 212
295 212
295 212
294 212
293 212
292 212
291 212
291 212
290 212
290 212
289 212
288 212
287 212
287 212
286 212
286 212
285 212
284 212
283 212
283 212
282 212
282 212
281 212
280 212
280 212
279 212
279 212
278 212
277 212
277 212
276 212
276 212
276 211
275 211
275 211
275 211
274 211
274 211
274 210
273 210
273 210
273 209
272 209
272 208
271 208
271 208
271 207
270 207
270 206
269 206
269 206
269 205
268 205
268 204
268 203
267 203
267 203
267 202
266 202
266 201
265 201
265 200
265 199
264 199
264 199
264 198
264 197
263 197
263 196
263 195
262 195
262 195
262 194
261 194
261 193
260 193
260 192
260 191
259 191
259 191
259 190
258 190
258 189
258 188
257 188
257 187
257 186
256 186
256 186
256 185
255 185
255 184
255 183
254 183
254 182
254 181
253 181
253 181
253 180
253 179
252 179
252 178
252 177
252 176
251 176
-1 -1
list: -1
-1 -1
