pixel
list: 0
399 211
398 211
397 211
396 211
395 211
395 210
394 210
393 210
392 210
391 210
390 210
390 209
389 209
388 209
387 209
386 209
385 209
385 208
384 208
383 208
382 208
381 208
380 208
380 207
379 207
378 207
377 207
376 207
375 207
375 206
374 206
373 206
372 206
371 206
370 206
370 205
369 205
368 205
367 205
366 205
365 205
365 204
364 204
363 204
362 204
361 204
360 204
360 203
359 203
358 203
357 203
356 203
355 203
355 202
354 202
353 202
352 202
351 202
350 202
350 201
349 201
348 201
347 201
346 201
345 201
345 200
344 200
343 200
342 200
341 200
340 200
340 199
339 199
338 199
337 199
336 199
335 199
335 198
334 198
333 198
332 198
331 198
330 198
330 197
329 197
328 197
327 197
326 197
325 197
325 196
324 196
323 196
322 196
321 196
320 196
320 195
319 195
318 195
317 195
316 195
315 195
315 194
314 194
313 194
312 194
311 194
310 194
310 193
309 193
308 193
307 193
306 193
306 192
305 192
304 192
303 192
302 192
301 192
301 191
300 191
299 191
298 191
297 191
296 191
296 190
295 190
294 190
293 190
292 190
291 190
291 189
290 189
289 189
288 189
287 189
286 189
286 188
285 188
284 188
283 188
282 188
281 188
281 187
280 187
279 187
278 187
277 187
276 187
276 186
275 186
274 186
273 186
272 186
271 186
271 185
270 185
269 185
268 185
267 185
266 185
266 184
265 184
264 184
263 184
262 184
261 184
261 183
260 183
259 183
258 183
257 183
256 183
256 182
255 182
254 182
253 182
252 182
251 182
251 181
250 181
249 181
248 181
247 181
246 181
246 180
245 180
244 180
243 180
242 180
241 180
241 179
240 179
239 179
238 179
237 179
236 179
236 178
235 178
234 178
233 178
232 178
231 178
231 177
230 177
229 177
228 177
227 177
226 177
226 176
225 176
224 176
223 176
222 176
221 176
221 175
220 175
219 175
218 175
217 175
217 174
216 174
216 174
216 173
217 173
217 172
218 172
218 171
219 171
219 170
220 170
220 169
221 169
221 168
222 168
222 167
223 167
223 166
223 165
224 165
224 164
225 164
225 163
226 163
226 162
227 162
227 161
228 161
228 160
229 160
229 159
230 159
230 158
231 158
231 157
231 156
232 156
232 155
233 155
233 154
234 154
234 153
235 153
235 152
236 152
236 151
237 151
237 150
238 150
238 149
238 148
239 148
239 147
240 147
240 146
241 146
241 145
242 145
242 144
243 144
243 143
244 143
244 142
245 142
245 141
246 141
246 140
246 139
247 139
247 138
248 138
248 137
249 137
249 136
250 136
250 135
251 135
251 134
252 134
252 133
253 133
253 132
254 132
254 131
254 130
255 130
255 129
256 129
256 128
257 128
257 127
258 127
258 126
259 126
259 125
260 125
260 124
261 124
261 123
261 122
262 122
262 121
263 121
263 120
264 120
264 119
265 119
265 118
266 118
266 117
267 117
267 116
268 116
268 115
269 115
269 114
269 113
270 113
270 112
271 112
271 111
272 111
272 110
273 110
273 109
274 109
274 108
275 108
275 107
276 107
276 106
277 106
277 105
277 104
278 104
278 103
279 103
279 102
280 102
280 101
281 101
281 100
282 100
282 99
283 99
283 98
284 98
284 97
284 96
285 96
285 95
286 95
286 94
287 94
287 93
288 93
288 92
289 92
289 91
290 91
290 90
291 90
291 89
292 89
292 88
292 87
293 87
293 86
294 86
294 85
295 85
295 84
296 84
296 83
297 83
297 82
298 82
298 81
299 81
299 80
300 80
300 79
300 78
301 78
301 77
302 77
302 76
303 76
303 75
304 75
304 74
305 74
305 73
306 73
306 72
307 72
307 71
307 70
308 70
308 70
308 71
309 71
309 72
309 73
310 73
310 74
311 74
311 75
311 76
312 76
312 77
313 77
313 78
313 79
314 79
314 80
315 80
315 81
315 82
316 82
316 83
317 83
317 84
317 85
318 85
318 86
318 87
319 87
319 88
320 88
320 89
320 90
321 90
321 91
322 91
322 92
322 93
323 93
323 94
324 94
324 95
324 96
325 96
325 97
326 97
326 98
326 99
327 99
327 100
328 100
328 101
328 102
329 102
329 103
329 104
330 104
330 105
331 105
331 106
331 107
332 107
332 108
333 108
333 109
333 110
334 110
334 111
335 111
335 112
335 113
336 113
336 114
337 114
337 115
337 116
338 116
338 117
338 118
339 118
339 119
340 119
340 120
340 121
341 121
341 122
342 122
342 123
342 124
343 124
343 125
344 125
344 126
344 127
345 127
345 128
346 128
346 129
346 130
347 130
347 131
348 131
348 132
348 133
349 133
349 134
349 135
350 135
350 136
351 136
351 137
351 138
352 138
352 139
353 139
353 140
353 141
354 141
354 142
355 142
355 143
355 144
356 144
356 145
357 145
357 146
357 147
358 147
358 148
358 149
359 149
359 150
360 150
360 151
360 152
361 152
361 153
362 153
362 154
362 155
363 155
363 156
364 156
364 157
364 158
365 158
365 159
366 159
366 160
366 161
367 161
367 162
368 162
368 163
368 164
369 164
369 165
369 166
370 166
370 167
371 167
371 168
371 169
372 169
372 170
373 170
373 171
373 172
374 172
374 173
375 173
375 174
375 175
376 175
376 176
377 176
377 177
377 178
378 178
378 179
378 180
379 180
379 181
380 181
380 182
380 183
381 183
381 184
382 184
382 185
382 186
383 186
383 187
384 187
384 188
384 189
385 189
385 190
386 190
386 191
386 192
387 192
387 193
388 193
388 194
388 195
389 195
389 196
389 197
390 197
390 198
391 198
391 199
391 200
392 200
392 201
393 201
393 202
393 203
394 203
394 204
395 204
395 205
395 206
396 206
396 207
397 207
397 208
397 209
398 209
398 210
398 211
399 211
-1 -1
