pixel
list: 0
69 89
69 90
69 91
69 92
69 93
69 94
69 95
69 96
69 97
69 98
68 98
68 99
68 100
68 101
68 102
68 103
68 104
68 105
68 106
68 107
68 108
67 108
67 109
67 110
67 111
67 112
67 113
67 114
67 115
67 116
67 117
67 118
66 118
66 119
66 120
66 121
66 122
66 123
66 124
66 125
66 126
66 127
65 127
65 128
65 129
65 130
65 131
65 132
65 133
65 134
65 135
65 136
65 137
64 137
64 138
64 139
64 140
64 141
64 142
64 143
64 144
64 145
64 146
64 147
63 147
63 148
63 149
63 150
63 151
63 152
63 153
63 154
63 155
63 156
63 157
62 157
62 158
62 159
62 160
62 161
62 162
62 163
62 164
62 165
62 166
61 166
61 167
61 168
61 169
61 170
61 171
61 172
61 173
61 174
61 175
61 176
60 176
60 177
60 178
60 179
60 180
60 181
60 182
60 183
60 184
60 185
60 186
59 186
59 187
59 188
59 189
59 190
59 191
59 192
59 193
59 194
59 195
59 196
58 196
58 196
57 196
56 196
55 196
54 196
53 196
52 196
51 196
50 196
50 195
49 195
48 195
47 195
46 195
45 195
44 195
43 195
42 195
41 195
41 194
40 194
39 194
38 194
37 194
36 194
35 194
34 194
33 194
32 194
32 193
31 193
30 193
29 193
28 193
27 193
26 193
25 193
24 193
23 193
23 192
22 192
21 192
20 192
19 192
18 192
17 192
16 192
15 192
14 192
14 191
13 191
12 191
11 191
10 191
9 191
8 191
7 191
6 191
5 191
5 190
4 190
3 190
2 190
1 190
0 190
-1 190
-2 190
-3 190
-3 189
-4 189
-4 189
-4 188
-4 187
-4 186
-4 185
-4 184
-4 183
-4 182
-4 181
-4 180
-3 180
-3 179
-3 178
-3 177
-3 176
-3 175
-3 174
-3 173
-3 172
-3 171
-3 170
-2 170
-2 169
-2 168
-2 167
-2 166
-2 165
-2 164
-2 163
-2 162
-2 161
-2 160
-1 160
-1 159
-1 158
-1 157
-1 156
-1 155
-1 154
-1 153
-1 152
-1 151
0 151
0 150
0 149
0 148
0 147
0 146
0 145
0 144
0 143
0 142
0 141
1 141
1 140
1 139
1 138
1 137
1 136
1 135
1 134
1 133
1 132
1 131
2 131
2 130
2 129
2 128
2 127
2 126
2 125
2 124
2 123
2 122
2 121
3 121
3 120
3 119
3 118
3 117
3 116
3 115
3 114
3 113
3 112
4 112
4 111
4 110
4 109
4 108
4 107
4 106
4 105
4 104
4 103
4 102
5 102
5 101
5 100
5 99
5 98
5 97
5 96
5 95
5 94
5 93
5 92
6 92
6 91
6 90
6 89
6 88
6 87
6 86
6 85
6 84
6 83
6 82
7 82
7 82
8 82
9 82
10 82
11 82
12 82
13 82
14 82
15 82
15 83
16 83
17 83
18 83
19 83
20 83
21 83
22 83
23 83
24 83
24 84
25 84
26 84
27 84
28 84
29 84
30 84
31 84
32 84
33 84
33 85
34 85
35 85
36 85
37 85
38 85
39 85
40 85
41 85
42 85
42 86
43 86
44 86
45 86
46 86
47 86
48 86
49 86
50 86
51 86
51 87
52 87
53 87
54 87
55 87
56 87
57 87
58 87
59 87
60 87
60 88
61 88
62 88
63 88
64 88
65 88
66 88
67 88
68 88
68 89
69 89
-1 -1
