pixel
list: 0
1 81
2 81
3 81
4 81
5 81
6 81
6 82
7 82
8 82
9 82
10 82
11 82
12 82
12 83
13 83
13 83
14 83
15 83
16 83
17 83
17 84
18 84
19 84
20 84
21 84
21 85
22 85
23 85
24 85
25 85
26 85
26 86
27 86
28 86
29 86
30 86
30 87
31 87
32 87
33 87
34 87
34 88
35 88
36 88
37 88
38 88
39 88
39 89
40 89
41 89
42 89
43 89
43 90
44 90
45 90
46 90
47 90
47 91
48 91
49 91
50 91
51 91
52 91
52 92
53 92
54 92
55 92
56 92
56 93
57 93
58 93
59 93
60 93
60 94
61 94
61 94
62 94
63 94
64 94
64 95
65 95
66 95
67 95
68 95
68 96
69 96
70 96
71 96
72 96
72 97
73 97
74 97
75 97
76 97
76 98
77 98
77 98
77 99
77 100
77 101
76 101
76 102
76 103
76 104
76 105
75 105
75 106
75 107
75 108
75 109
74 109
74 110
74 111
74 112
73 112
73 113
73 114
73 115
73 116
72 116
72 117
72 118
72 119
72 120
71 120
71 121
71 122
71 123
70 123
70 124
70 125
70 126
70 127
69 127
69 128
69 129
69 130
69 131
68 131
68 132
68 133
68 134
67 134
67 135
67 136
67 137
67 138
66 138
66 139
66 140
66 141
66 142
65 142
65 142
65 143
65 144
65 145
64 145
64 146
64 147
64 148
64 149
63 149
63 150
63 151
63 152
62 152
62 153
62 154
62 155
62 156
61 156
61 157
61 158
61 159
60 159
60 160
60 161
60 162
60 163
59 163
59 164
59 165
59 166
58 166
58 167
58 168
58 169
58 170
57 170
57 171
57 172
57 173
56 173
56 174
56 175
56 176
56 177
55 177
55 178
55 179
55 180
54 180
54 181
54 182
54 183
54 184
53 184
53 185
53 186
53 187
52 187
52 188
52 189
52 190
52 191
51 191
51 192
51 193
51 194
50 194
50 195
50 196
50 197
50 198
49 198
49 198
48 198
47 198
46 198
46 198
45 198
45 198
44 198
43 198
42 198
41 198
40 198
39 198
38 198
37 198
36 198
35 198
34 198
33 198
32 198
32 197
31 197
30 197
29 197
28 197
27 197
26 197
25 197
24 197
23 197
22 197
21 197
20 197
19 197
19 196
18 196
17 196
16 196
15 196
14 196
13 196
12 196
11 196
10 196
9 196
8 196
7 196
6 196
6 195
5 195
5 195
4 195
3 195
2 195
2 194
1 194
1 194
1 193
1 192
1 191
1 190
1 189
1 188
1 187
1 186
1 185
1 184
1 183
1 182
1 181
1 180
1 179
1 178
1 177
1 176
1 175
1 174
1 173
1 172
1 171
1 170
1 169
1 168
1 167
1 166
1 165
1 164
1 163
1 162
1 161
1 160
1 159
1 158
1 157
1 156
1 155
1 154
1 153
1 152
1 151
1 150
1 149
1 148
1 147
1 146
1 145
1 144
1 143
1 142
1 141
1 140
1 139
1 138
1 137
1 136
1 135
1 134
1 133
1 132
1 131
1 130
1 129
1 128
1 127
1 126
1 125
1 124
1 123
1 122
1 121
1 120
1 119
1 118
1 117
1 116
1 115
1 114
1 113
1 112
1 111
1 110
1 109
1 108
1 107
1 106
1 105
1 104
1 103
1 102
1 101
1 100
1 99
1 98
1 97
1 96
1 95
1 94
1 93
1 92
1 91
1 90
1 89
1 88
1 87
1 86
1 85
1 84
1 83
1 82
1 81
1 81
-1 -1
