pixel
list: 0
85 105
85 106
84 106
84 107
84 108
83 108
83 109
83 110
82 110
82 111
82 112
81 112
81 113
81 114
80 114
80 115
80 116
79 116
79 117
79 118
78 118
78 119
77 119
77 120
77 121
76 121
76 122
76 123
75 123
75 124
75 125
74 125
74 126
74 127
73 127
73 128
73 129
72 129
72 130
72 131
71 131
71 132
70 132
70 133
70 134
69 134
69 135
69 136
68 136
68 137
68 138
67 138
67 139
67 140
66 140
66 141
66 142
65 142
65 143
65 144
64 144
64 145
64 146
63 146
63 147
62 147
62 148
62 149
61 149
61 150
61 151
60 151
60 152
60 153
59 153
59 154
59 155
58 155
58 156
58 157
57 157
57 158
57 159
56 159
56 160
55 160
55 161
55 162
54 162
54 163
54 164
53 164
53 165
53 166
52 166
52 167
52 168
51 168
51 169
51 170
50 170
50 171
50 172
49 172
49 173
48 173
48 174
48 175
47 175
47 176
47 177
46 177
46 178
46 179
45 179
45 180
45 181
44 181
44 182
44 183
43 183
43 184
43 185
42 185
42 186
42 187
41 187
41 188
40 188
40 189
40 190
39 190
39 191
39 192
38 192
38 193
38 194
37 194
37 195
37 196
36 196
36 197
36 198
35 198
35 199
35 200
34 200
34 201
33 201
33 202
33 203
32 203
32 204
32 205
31 205
31 206
31 207
30 207
30 208
30 209
29 209
29 210
29 211
28 211
28 212
28 213
27 213
27 214
26 214
26 215
26 216
25 216
25 217
25 218
24 218
24 219
24 220
23 220
23 221
23 222
22 222
22 223
22 224
21 224
21 225
21 226
20 226
20 227
20 228
19 228
19 228
19 227
19 226
19 225
19 224
19 223
18 223
18 222
18 221
18 220
18 219
18 218
18 217
17 217
17 216
17 215
17 214
17 213
17 212
16 212
16 211
16 210
16 209
16 208
16 207
16 206
15 206
15 205
15 204
15 203
15 202
15 201
14 201
14 200
14 199
14 198
14 197
14 196
14 195
13 195
13 194
13 193
13 192
13 191
13 190
13 189
12 189
12 188
12 187
12 186
12 185
12 184
11 184
11 183
11 182
11 181
11 180
11 179
11 178
10 178
10 177
10 176
10 175
10 174
10 173
9 173
9 172
9 171
9 170
9 169
9 168
9 167
8 167
8 166
8 165
8 164
8 163
8 162
7 162
7 161
7 160
7 159
7 158
7 157
7 156
6 156
6 155
6 154
6 153
6 152
6 151
6 150
5 150
5 149
5 148
5 147
5 146
5 145
4 145
4 144
4 143
4 142
4 141
4 140
4 139
3 139
3 138
3 137
3 136
3 135
3 134
2 134
2 133
2 132
2 131
2 130
2 129
2 128
1 128
1 127
1 126
1 125
1 124
1 123
0 123
0 122
0 121
0 120
0 119
0 118
0 117
-1 117
-1 116
-1 115
-1 114
-1 113
-1 112
-1 111
-2 111
-2 110
-2 109
-2 108
-2 107
-2 106
-3 106
-3 105
-3 104
-3 103
-3 102
-3 101
-3 100
-4 100
-4 99
-4 98
-4 97
-4 96
-4 95
-5 95
-5 94
-5 93
-5 92
-5 91
-5 90
-5 89
-6 89
-6 88
-6 87
-6 86
-6 85
-6 84
-6 83
-7 83
-7 83
-6 83
-5 83
-4 83
-3 83
-3 84
-2 84
-1 84
0 84
1 84
1 85
2 85
3 85
4 85
5 85
5 86
6 86
7 86
8 86
9 86
9 87
10 87
11 87
12 87
13 87
13 88
14 88
15 88
16 88
17 88
18 88
18 89
19 89
20 89
21 89
22 89
22 90
23 90
24 90
25 90
26 90
26 91
27 91
28 91
29 91
30 91
30 92
31 92
32 92
33 92
34 92
34 93
35 93
36 93
37 93
38 93
38 94
39 94
40 94
41 94
42 94
43 94
43 95
44 95
45 95
46 95
47 95
47 96
48 96
49 96
50 96
51 96
51 97
52 97
53 97
54 97
55 97
55 98
56 98
57 98
58 98
59 98
59 99
60 99
61 99
62 99
63 99
64 99
64 100
65 100
66 100
67 100
68 100
68 101
69 101
70 101
71 101
72 101
72 102
73 102
74 102
75 102
76 102
76 103
77 103
78 103
79 103
80 103
80 104
81 104
82 104
83 104
84 104
84 105
85 105
-1 -1
