pixel
list: 90
5 90
5 90
5 90
5 89
6 89
6 89
6 88
6 88
6 88
6 88
7 88
7 88
7 87
8 87
8 87
8 87
8 87
8 87
8 87
9 87
9 87
9 86
10 86
10 86
10 86
11 86
11 86
11 86
12 86
12 86
13 86
13 86
14 86
14 86
15 86
15 86
16 86
16 86
17 86
18 86
18 86
19 86
19 86
20 86
21 86
22 86
23 86
24 86
25 86
26 86
26 87
27 87
27 87
28 87
29 87
30 87
31 87
32 87
33 87
34 87
35 87
36 87
37 87
38 87
39 87
40 87
40 88
41 88
42 88
43 88
44 88
45 88
46 88
47 88
48 88
49 88
50 88
51 88
52 88
53 88
54 88
54 89
55 89
55 89
56 89
57 89
57 89
58 89
58 89
59 89
59 89
60 89
60 89
61 89
61 89
62 89
62 89
62 90
63 90
63 90
63 90
64 90
64 90
64 90
65 90
65 90
65 91
66 91
66 91
66 91
66 91
66 91
66 92
67 92
67 92
67 92
67 92
67 92
67 93
68 93
68 93
68 94
68 94
68 94
68 94
68 94
68 94
68 95
69 95
69 95
69 96
69 96
69 96
69 97
69 97
69 97
69 98
69 99
69 99
69 99
69 100
69 100
69 100
69 101
69 102
69 102
69 102
69 103
69 104
69 104
69 104
69 105
69 106
69 106
69 106
69 107
69 108
69 109
69 109
69 109
69 110
69 111
69 112
69 113
69 114
69 114
69 114
69 115
69 116
69 117
69 118
69 119
69 120
69 121
69 122
69 123
69 124
69 125
69 126
69 127
68 127
68 127
68 128
68 129
68 130
68 131
68 132
68 133
68 134
68 135
68 136
68 137
68 138
68 139
68 140
68 141
68 142
67 142
67 143
67 144
67 145
67 146
67 147
67 148
67 149
67 150
67 151
67 152
67 153
67 154
67 155
67 156
67 157
66 157
66 158
66 159
66 160
66 161
66 162
66 163
66 164
66 165
66 166
66 167
66 168
66 169
66 170
66 171
66 172
66 173
65 173
65 173
65 174
65 175
65 176
65 177
65 178
65 178
65 178
65 179
65 180
65 181
65 181
65 181
65 182
65 183
64 183
64 183
64 184
64 185
64 185
64 185
64 186
64 187
64 187
64 187
64 188
63 188
63 188
63 189
63 190
63 190
63 190
63 191
63 191
63 191
63 192
62 192
62 192
62 193
62 193
62 193
62 193
62 193
62 193
62 194
61 194
61 194
61 195
61 195
61 195
61 195
60 195
60 195
60 196
59 196
59 196
59 196
59 196
59 196
59 196
58 196
58 196
58 197
57 197
57 197
57 197
56 197
56 197
56 197
55 197
55 197
54 197
54 197
53 197
53 197
52 197
52 197
51 197
51 197
50 197
49 197
49 197
48 197
48 197
47 197
46 197
45 197
44 197
43 197
42 197
41 197
41 196
40 196
40 196
39 196
38 196
37 196
36 196
35 196
34 196
33 196
32 196
31 196
30 196
29 196
28 196
27 196
27 195
26 195
25 195
24 195
23 195
22 195
21 195
20 195
19 195
18 195
17 195
16 195
15 195
14 195
13 195
13 194
12 194
12 194
11 194
10 194
10 194
9 194
9 194
8 194
8 194
7 194
7 194
6 194
6 194
5 194
5 194
5 193
4 193
4 193
4 193
3 193
3 193
3 193
2 193
2 193
2 192
1 192
1 192
1 192
1 192
1 192
1 191
0 191
0 191
0 191
0 191
0 191
0 190
0 190
0 190
0 189
0 189
0 189
0 189
0 189
0 189
0 188
-1 0
list: 188
-1 0
list: 187
-1 0
list: 186
-1 0
list: 186
-1 0
list: 184
-1 0
list: 184
-1 0
list: 183
-1 0
list: 182
-1 0
list: 181
-1 0
list: 180
-1 0
list: 179
-1 0
list: 178
-1 0
list: 177
-1 0
list: 176
-1 0
list: 174
-1 0
list: 174
-1 0
list: 172
-1 0
list: 170
-1 0
list: 169
-1 0
list: 168
-1 0
list: 166
-1 0
list: 164
-1 0
list: 162
-1 0
list: 160
-1 0
list: 158
-1 0
list: 156
0 156
0 156
0 155
0 154
0 153
0 152
0 151
0 150
0 149
0 148
0 147
0 146
0 145
0 144
0 143
0 142
0 141
0 140
0 139
0 138
0 137
0 136
0 135
0 134
0 133
1 133
1 132
1 131
1 130
1 129
1 128
1 127
1 126
1 125
1 124
1 123
1 122
1 121
1 120
1 119
1 118
1 117
1 116
1 115
1 114
1 113
1 112
1 111
1 110
2 110
2 110
2 109
2 108
2 107
2 106
2 105
2 105
2 105
2 104
2 103
2 102
2 102
2 102
2 101
2 100
3 100
3 100
3 99
3 98
3 98
3 98
3 97
3 96
3 96
3 96
3 95
4 95
4 95
4 94
4 93
4 93
4 93
4 92
4 92
4 92
4 91
5 91
5 91
5 90
5 90
-1 -1
list: -1
-1 -1
