pixel
list: 0
440 200
439 200
438 200
437 200
436 200
435 200
435 201
434 201
433 201
432 201
431 201
430 201
429 201
429 202
428 202
427 202
426 202
425 202
424 202
423 202
423 203
422 203
421 203
420 203
419 203
418 203
417 203
417 204
416 204
415 204
414 204
413 204
412 204
411 204
411 205
410 205
409 205
408 205
407 205
406 205
405 205
405 206
404 206
403 206
402 206
401 206
400 206
399 206
399 207
398 207
397 207
396 207
395 207
394 207
393 207
393 208
392 208
391 208
390 208
389 208
388 208
387 208
387 209
386 209
385 209
384 209
383 209
382 209
382 210
381 210
381 210
381 209
381 208
381 207
381 206
381 205
380 205
380 204
380 203
380 202
380 201
380 200
380 199
379 199
379 198
379 197
379 196
379 195
379 194
379 193
378 193
378 192
378 191
378 190
378 189
378 188
378 187
377 187
377 186
377 185
377 184
377 183
377 182
377 181
376 181
376 180
376 179
376 178
376 177
376 176
376 175
375 175
375 174
375 173
375 172
375 171
375 170
374 170
374 169
374 168
374 167
374 166
374 165
374 164
373 164
373 163
373 162
373 161
373 160
373 159
373 158
372 158
372 157
372 156
372 155
372 154
372 153
372 152
371 152
371 151
371 150
371 149
371 148
371 147
371 146
370 146
370 145
370 144
370 143
370 142
370 141
370 140
369 140
369 139
369 138
369 137
369 136
369 135
368 135
368 134
368 133
368 132
368 131
368 130
368 129
367 129
367 128
367 127
367 126
367 125
367 124
367 123
366 123
366 122
366 121
366 120
366 119
366 118
366 117
365 117
365 116
365 115
365 114
365 113
365 112
365 111
364 111
364 110
364 109
364 108
364 107
364 106
364 105
363 105
363 104
363 103
363 102
363 101
363 100
363 99
362 99
362 99
363 99
364 99
365 99
366 99
367 99
367 98
368 98
369 98
370 98
371 98
372 98
373 98
373 97
374 97
375 97
376 97
377 97
378 97
379 97
379 96
380 96
381 96
382 96
383 96
384 96
385 96
385 95
386 95
387 95
388 95
389 95
390 95
391 95
391 94
392 94
393 94
394 94
395 94
396 94
397 94
397 93
398 93
399 93
400 93
401 93
402 93
403 93
403 92
404 92
405 92
406 92
407 92
408 92
409 92
409 91
410 91
411 91
412 91
413 91
414 91
415 91
415 90
416 90
417 90
418 90
419 90
420 90
420 89
421 89
421 89
421 90
421 91
421 92
421 93
421 94
422 94
422 95
422 96
422 97
422 98
422 99
422 100
423 100
423 101
423 102
423 103
423 104
423 105
423 106
424 106
424 107
424 108
424 109
424 110
424 111
424 112
425 112
425 113
425 114
425 115
425 116
425 117
425 118
426 118
426 119
426 120
426 121
426 122
426 123
426 124
427 124
427 125
427 126
427 127
427 128
427 129
428 129
428 130
428 131
428 132
428 133
428 134
428 135
429 135
429 136
429 137
429 138
429 139
429 140
429 141
430 141
430 142
430 143
430 144
430 145
430 146
430 147
431 147
431 148
431 149
431 150
431 151
431 152
431 153
432 153
432 154
432 155
432 156
432 157
432 158
432 159
433 159
433 160
433 161
433 162
433 163
433 164
434 164
434 165
434 166
434 167
434 168
434 169
434 170
435 170
435 171
435 172
435 173
435 174
435 175
435 176
436 176
436 177
436 178
436 179
436 180
436 181
436 182
437 182
437 183
437 184
437 185
437 186
437 187
437 188
438 188
438 189
438 190
438 191
438 192
438 193
438 194
439 194
439 195
439 196
439 197
439 198
439 199
439 200
440 200
-1 -1
