pixel
list: 107
358 107
358 107
358 107
358 107
358 107
358 107
358 107
359 107
359 107
359 107
359 107
359 107
359 106
360 106
360 106
360 106
361 106
361 106
361 106
362 106
362 106
362 105
363 105
363 105
364 105
365 105
366 105
366 104
367 104
368 104
369 104
369 103
370 103
371 103
372 103
373 103
373 102
374 102
375 102
376 102
376 101
377 101
378 101
379 101
380 101
380 100
381 100
382 100
383 100
383 99
384 99
385 99
386 99
386 98
387 98
388 98
389 98
390 98
390 97
391 97
392 97
393 97
393 96
394 96
395 96
396 96
397 96
397 95
398 95
399 95
400 95
400 94
401 94
402 94
403 94
403 93
404 93
404 93
405 93
406 93
406 92
407 92
408 92
409 92
409 91
410 91
410 91
411 91
411 91
412 91
412 91
412 91
413 91
413 91
413 91
414 91
414 91
414 91
414 91
414 91
414 91
415 91
415 91
415 91
415 91
415 91
415 91
416 91
416 91
416 91
416 91
416 91
416 91
417 91
417 91
417 91
417 91
417 91
417 91
417 91
417 91
417 92
417 92
417 92
417 92
418 92
418 92
418 92
418 92
418 92
418 93
418 93
418 93
418 93
419 93
419 93
419 94
419 94
419 94
419 95
419 95
419 95
419 95
419 95
419 95
419 96
420 96
420 96
420 97
420 98
420 98
420 98
420 99
420 100
421 100
421 100
421 101
421 102
421 103
422 103
422 103
422 104
422 105
422 106
423 106
423 107
423 108
423 109
423 110
424 110
424 111
424 112
424 113
425 113
425 114
425 115
425 116
425 117
426 117
426 118
426 119
426 120
427 120
427 121
427 122
427 123
427 124
428 124
428 125
428 126
428 127
429 127
429 128
429 129
429 130
429 131
430 131
430 132
430 133
430 134
431 134
431 135
431 136
431 137
431 138
432 138
432 139
432 140
432 141
432 142
433 142
433 143
433 144
433 145
434 145
434 146
434 147
434 148
434 149
435 149
435 150
435 151
435 152
436 152
436 153
436 154
436 155
436 156
437 156
437 157
437 158
437 159
438 159
438 160
438 161
438 162
438 163
439 163
439 164
439 165
439 166
440 166
440 167
440 168
440 169
440 170
441 170
441 171
441 172
441 173
441 174
442 174
442 174
442 175
442 176
442 177
443 177
443 178
443 179
443 180
443 181
444 181
444 182
444 183
444 184
444 185
445 185
445 185
445 186
445 187
445 188
446 188
446 188
446 189
447 189
447 189
447 190
447 191
447 191
447 191
447 192
447 192
447 192
447 193
448 193
448 193
448 193
448 193
448 193
448 194
448 194
448 194
448 195
448 195
448 195
448 195
448 195
448 195
448 196
448 196
448 196
448 196
448 196
448 196
448 196
448 196
448 196
448 197
447 197
447 197
447 197
447 197
447 197
447 197
447 197
447 197
447 198
447 198
447 198
447 198
447 198
447 198
447 198
446 198
446 198
446 198
446 198
446 198
446 199
445 199
445 199
445 199
444 199
444 199
444 199
443 199
443 199
443 200
442 200
442 200
441 200
440 200
439 200
439 201
438 201
437 201
436 201
436 202
435 202
434 202
433 202
432 202
432 203
431 203
430 203
429 203
429 204
428 204
427 204
426 204
425 204
425 205
424 205
423 205
422 205
422 206
421 206
420 206
419 206
419 207
418 207
417 207
416 207
415 207
415 208
414 208
413 208
412 208
412 209
411 209
410 209
409 209
408 209
408 210
407 210
406 210
405 210
405 211
404 211
403 211
402 211
402 212
401 212
401 212
400 212
399 212
399 213
398 213
397 213
396 213
396 214
395 214
395 214
394 214
394 214
393 214
393 214
393 214
392 214
392 214
392 214
391 214
391 214
391 214
391 214
391 214
391 214
390 214
390 214
390 214
390 214
390 214
390 214
389 214
389 214
389 214
389 214
389 214
389 214
388 214
388 214
388 214
388 214
388 214
388 214
388 214
388 214
388 213
388 213
388 213
388 213
387 213
387 213
387 213
387 213
387 213
387 212
387 212
387 212
387 212
386 212
386 212
386 211
386 211
386 211
386 210
386 210
386 210
386 210
386 210
386 210
386 209
385 209
385 209
385 208
385 207
385 207
385 207
385 206
385 205
384 205
384 205
384 204
384 203
384 202
383 202
383 202
383 201
383 200
383 199
382 199
382 198
382 197
382 196
382 195
381 195
381 194
381 193
381 192
380 192
380 191
380 190
380 189
380 188
379 188
379 187
379 186
379 185
378 185
378 184
378 183
378 182
378 181
377 181
377 180
377 179
377 178
376 178
376 177
376 176
376 175
376 174
375 174
375 173
375 172
375 171
374 171
374 170
374 169
374 168
374 167
373 167
373 166
373 165
373 164
373 163
372 163
372 162
372 161
372 160
371 160
371 159
371 158
371 157
371 156
370 156
370 155
370 154
370 153
369 153
369 152
369 151
369 150
369 149
368 149
368 148
368 147
368 146
367 146
367 145
367 144
367 143
367 142
366 142
366 141
366 140
366 139
365 139
365 138
365 137
365 136
365 135
364 135
364 134
364 133
364 132
364 131
363 131
363 131
363 130
363 129
363 128
362 128
362 127
362 126
362 125
362 124
361 124
361 123
361 122
361 121
361 120
360 120
360 120
360 119
360 118
360 117
359 117
359 117
359 116
358 116
358 116
358 115
358 114
358 114
358 114
358 113
358 113
358 113
358 112
357 112
357 112
357 112
357 112
357 112
357 111
357 111
357 111
357 110
357 110
357 110
357 110
357 110
357 110
357 109
357 109
357 109
357 109
357 109
357 109
357 109
357 109
357 109
357 108
358 108
358 108
358 108
358 108
358 108
358 108
358 108
-1 -1
list: -1
-1 -1
