pixel
list: 0
405 97
406 97
407 97
408 97
409 97
410 97
411 97
411 96
412 96
413 96
414 96
415 96
416 96
417 96
418 96
418 95
419 95
420 95
421 95
422 95
423 95
424 95
424 94
425 94
425 94
426 94
427 94
428 94
429 94
430 94
430 95
431 95
431 95
431 96
431 97
431 98
431 99
431 100
431 101
431 102
431 103
431 104
431 105
431 106
431 107
431 108
431 109
431 110
431 111
431 112
431 113
431 114
431 115
431 116
431 117
431 118
431 119
431 120
431 121
431 122
431 123
431 124
431 125
431 126
431 127
431 128
431 129
431 130
431 131
431 132
431 133
431 134
431 135
431 136
431 137
431 138
431 139
431 140
431 141
431 142
431 143
431 144
431 145
431 146
431 147
431 148
431 149
431 150
431 151
431 152
431 153
431 154
431 155
431 156
431 157
431 158
431 159
431 160
431 161
431 162
431 163
431 164
431 165
431 166
431 167
431 168
431 169
431 170
431 171
431 172
431 173
431 174
431 175
431 176
431 177
431 178
431 179
431 180
431 181
431 182
431 183
431 184
431 185
431 186
431 187
431 188
431 189
431 190
431 191
431 192
431 193
431 194
431 195
431 196
431 197
431 198
431 199
431 200
431 201
431 202
431 203
431 204
431 205
431 206
431 207
431 207
431 207
431 208
430 208
430 209
429 209
429 209
428 209
427 209
426 209
425 209
424 209
423 209
422 209
422 210
421 210
421 210
420 210
419 210
418 210
417 210
416 210
415 210
414 210
413 210
412 210
411 210
410 210
409 210
408 210
408 211
407 211
406 211
405 211
404 211
403 211
402 211
401 211
400 211
399 211
398 211
397 211
396 211
395 211
394 211
394 212
393 212
393 212
392 212
391 212
390 212
390 212
389 212
389 212
389 211
389 210
388 210
388 209
388 208
388 207
387 207
387 206
387 205
387 204
386 204
386 203
386 202
386 201
385 201
385 200
385 199
385 198
384 198
384 197
384 196
384 195
383 195
383 194
383 193
383 192
382 192
382 191
382 190
382 189
381 189
381 188
381 187
381 186
380 186
380 185
380 184
380 183
379 183
379 182
379 181
379 180
378 180
378 179
378 178
378 177
377 177
377 176
377 175
377 174
376 174
376 173
376 172
376 171
375 171
375 170
375 169
375 168
374 168
374 167
374 166
374 165
373 165
373 164
373 163
373 162
372 162
372 161
372 160
372 159
371 159
371 158
371 157
371 156
370 156
370 155
370 154
370 153
369 153
369 152
369 151
369 150
368 150
368 149
368 148
368 147
367 147
367 146
367 145
367 144
366 144
366 143
366 142
366 141
365 141
365 140
365 139
365 138
364 138
364 137
364 136
364 135
363 135
363 134
363 133
363 132
362 132
362 131
362 130
362 129
361 129
361 128
361 127
361 126
360 126
360 125
360 124
360 123
359 123
359 122
359 121
359 120
358 120
358 119
358 118
358 117
357 117
357 116
357 115
357 114
356 114
356 113
356 112
356 111
355 111
355 110
355 109
355 108
354 108
354 107
354 106
354 105
353 105
353 105
354 105
355 105
356 105
357 105
358 105
359 105
359 104
360 104
361 104
362 104
363 104
364 104
365 104
365 103
366 103
367 103
368 103
369 103
370 103
371 103
372 103
372 102
373 102
374 102
375 102
376 102
377 102
378 102
378 101
379 101
380 101
381 101
382 101
383 101
384 101
385 101
385 100
386 100
387 100
388 100
389 100
390 100
391 100
391 99
392 99
393 99
394 99
395 99
396 99
397 99
398 99
398 98
399 98
400 98
401 98
402 98
403 98
404 98
404 97
405 97
-1 -1
