pixel
list: 0
438 95
438 96
438 97
438 98
438 99
438 100
438 101
438 102
437 102
437 103
437 104
437 105
437 106
437 107
437 108
437 109
436 109
436 110
436 111
436 112
436 113
436 114
436 115
436 116
435 116
435 117
435 118
435 119
435 120
435 121
435 122
435 123
434 123
434 124
434 125
434 126
434 127
434 128
434 129
434 130
433 130
433 131
433 132
433 133
433 134
433 135
433 136
433 137
432 137
432 138
432 139
432 140
432 141
432 142
432 143
432 144
431 144
431 145
431 146
431 147
431 148
431 149
431 150
431 151
430 151
430 152
430 153
430 154
430 155
430 156
430 157
430 158
429 158
429 159
429 160
429 161
429 162
429 163
429 164
429 165
428 165
428 166
428 167
428 168
428 169
428 170
428 171
428 172
427 172
427 173
427 174
427 175
427 176
427 177
427 178
427 179
426 179
426 180
426 181
426 182
426 183
426 184
426 185
426 186
425 186
425 187
425 188
425 189
425 190
425 191
425 192
425 193
424 193
424 194
424 195
424 196
424 197
424 198
424 199
424 200
423 200
423 201
423 202
423 203
423 204
423 205
423 206
423 207
422 207
422 208
422 209
422 210
422 211
422 212
422 213
422 214
421 214
421 215
421 216
421 217
421 218
421 219
421 220
421 221
420 221
420 222
420 223
420 224
420 225
420 226
420 227
420 228
419 228
419 229
419 230
419 231
419 232
419 233
419 234
419 235
418 235
418 236
418 237
418 238
418 239
418 240
418 241
418 242
417 242
417 242
417 241
416 241
416 240
416 239
415 239
415 238
415 237
414 237
414 236
414 235
413 235
413 234
413 233
412 233
412 232
412 231
411 231
411 230
411 229
410 229
410 228
410 227
409 227
409 226
409 225
408 225
408 224
407 224
407 223
407 222
406 222
406 221
406 220
405 220
405 219
405 218
404 218
404 217
404 216
403 216
403 215
403 214
402 214
402 213
402 212
401 212
401 211
401 210
400 210
400 209
400 208
399 208
399 207
399 206
398 206
398 205
397 205
397 204
397 203
396 203
396 202
396 201
395 201
395 200
395 199
394 199
394 198
394 197
393 197
393 196
393 195
392 195
392 194
392 193
391 193
391 192
391 191
390 191
390 190
390 189
389 189
389 188
389 187
388 187
388 186
387 186
387 185
387 184
386 184
386 183
386 182
385 182
385 181
385 180
384 180
384 179
384 178
383 178
383 177
383 176
382 176
382 175
382 174
381 174
381 173
381 172
380 172
380 171
380 170
379 170
379 169
379 168
378 168
378 167
377 167
377 166
377 165
376 165
376 164
376 163
375 163
375 162
375 161
374 161
374 160
374 159
373 159
373 158
373 157
372 157
372 156
372 155
371 155
371 154
371 153
370 153
370 152
370 151
369 151
369 150
369 149
368 149
368 148
367 148
367 147
367 146
366 146
366 145
366 144
365 144
365 143
365 142
364 142
364 141
364 140
363 140
363 139
363 138
362 138
362 137
362 136
361 136
361 135
361 134
360 134
360 133
360 132
359 132
359 131
359 130
358 130
358 129
357 129
357 128
357 127
356 127
356 126
356 125
355 125
355 124
355 123
354 123
354 122
354 121
353 121
353 120
353 119
352 119
352 118
352 117
351 117
351 116
351 115
350 115
350 114
350 113
349 113
349 112
349 111
348 111
348 111
349 111
350 111
351 111
352 111
353 111
353 110
354 110
355 110
356 110
357 110
358 110
359 110
359 109
360 109
361 109
362 109
363 109
364 109
364 108
365 108
366 108
367 108
368 108
369 108
370 108
370 107
371 107
372 107
373 107
374 107
375 107
376 107
376 106
377 106
378 106
379 106
380 106
381 106
381 105
382 105
383 105
384 105
385 105
386 105
387 105
387 104
388 104
389 104
390 104
391 104
392 104
392 103
393 103
394 103
395 103
396 103
397 103
398 103
398 102
399 102
400 102
401 102
402 102
403 102
404 102
404 101
405 101
406 101
407 101
408 101
409 101
409 100
410 100
411 100
412 100
413 100
414 100
415 100
415 99
416 99
417 99
418 99
419 99
420 99
421 99
421 98
422 98
423 98
424 98
425 98
426 98
426 97
427 97
428 97
429 97
430 97
431 97
432 97
432 96
433 96
434 96
435 96
436 96
437 96
437 95
438 95
-1 -1
